0.20 0.20 5.85323e-04
0.20 0.30 5.85323e-04
0.20 0.40 5.85323e-04
0.20 0.50 5.85323e-04
0.20 0.60 5.85323e-04
0.20 0.70 5.85323e-04
0.20 0.80 5.85323e-04
0.20 0.90 5.85323e-04
0.20 1.00 5.85323e-04
0.20 1.10 5.85323e-04
0.20 1.20 5.85323e-04
0.20 1.30 5.85323e-04
0.20 1.40 5.85323e-04
0.20 1.50 5.85323e-04
0.20 1.60 5.85323e-04
0.20 1.70 5.85323e-04
0.20 1.80 5.85323e-04
0.20 1.90 5.85323e-04
0.20 2.00 5.85323e-04
0.20 2.10 5.85323e-04
0.20 2.20 5.85323e-04
0.20 2.30 5.85323e-04
0.20 2.40 5.85323e-04
0.30 0.20 2.60144e-04
0.30 0.30 2.60144e-04
0.30 0.40 2.60144e-04
0.30 0.50 2.60144e-04
0.30 0.60 2.60144e-04
0.30 0.70 2.60144e-04
0.30 0.80 2.60144e-04
0.30 0.90 2.60144e-04
0.30 1.00 2.60144e-04
0.30 1.10 2.60144e-04
0.30 1.20 2.60144e-04
0.30 1.30 2.60144e-04
0.30 1.40 2.60144e-04
0.30 1.50 2.60144e-04
0.30 1.60 2.60144e-04
0.30 1.70 2.60144e-04
0.30 1.80 2.60144e-04
0.30 1.90 2.60144e-04
0.30 2.00 2.60144e-04
0.30 2.10 2.60144e-04
0.30 2.20 2.60144e-04
0.30 2.30 2.60144e-04
0.30 2.40 2.60144e-04
0.40 0.20 1.46331e-04
0.40 0.30 1.46331e-04
0.40 0.40 1.46331e-04
0.40 0.50 1.46331e-04
0.40 0.60 1.46331e-04
0.40 0.70 1.46331e-04
0.40 0.80 1.46331e-04
0.40 0.90 1.46331e-04
0.40 1.00 1.46331e-04
0.40 1.10 1.46331e-04
0.40 1.20 1.46331e-04
0.40 1.30 1.46331e-04
0.40 1.40 1.46331e-04
0.40 1.50 1.46331e-04
0.40 1.60 1.46331e-04
0.40 1.70 1.46331e-04
0.40 1.80 1.46331e-04
0.40 1.90 1.46331e-04
0.40 2.00 1.46331e-04
0.40 2.10 1.46331e-04
0.40 2.20 1.46331e-04
0.40 2.30 1.46331e-04
0.40 2.40 1.46331e-04
0.50 0.20 9.36517e-05
0.50 0.30 9.36517e-05
0.50 0.40 9.36517e-05
0.50 0.50 9.36517e-05
0.50 0.60 9.36517e-05
0.50 0.70 9.36517e-05
0.50 0.80 9.36517e-05
0.50 0.90 9.36517e-05
0.50 1.00 9.36517e-05
0.50 1.10 9.36517e-05
0.50 1.20 9.36517e-05
0.50 1.30 9.36517e-05
0.50 1.40 9.36517e-05
0.50 1.50 9.36517e-05
0.50 1.60 9.36517e-05
0.50 1.70 9.36517e-05
0.50 1.80 9.36517e-05
0.50 1.90 9.36517e-05
0.50 2.00 9.36517e-05
0.50 2.10 9.36517e-05
0.50 2.20 9.36517e-05
0.50 2.30 9.36517e-05
0.50 2.40 9.36517e-05
0.60 0.20 6.50359e-05
0.60 0.30 6.50359e-05
0.60 0.40 6.50359e-05
0.60 0.50 6.50359e-05
0.60 0.60 6.50359e-05
0.60 0.70 6.50359e-05
0.60 0.80 6.50359e-05
0.60 0.90 6.50359e-05
0.60 1.00 6.50359e-05
0.60 1.10 6.50359e-05
0.60 1.20 6.50359e-05
0.60 1.30 6.50359e-05
0.60 1.40 6.50359e-05
0.60 1.50 6.50359e-05
0.60 1.60 6.50359e-05
0.60 1.70 6.50359e-05
0.60 1.80 6.50359e-05
0.60 1.90 6.50359e-05
0.60 2.00 6.50359e-05
0.60 2.10 6.50359e-05
0.60 2.20 6.50359e-05
0.60 2.30 6.50359e-05
0.60 2.40 6.50359e-05
0.70 0.20 4.77815e-05
0.70 0.30 4.77815e-05
0.70 0.40 4.77815e-05
0.70 0.50 4.77815e-05
0.70 0.60 4.77815e-05
0.70 0.70 4.77815e-05
0.70 0.80 4.77815e-05
0.70 0.90 4.77815e-05
0.70 1.00 4.77815e-05
0.70 1.10 4.77815e-05
0.70 1.20 4.77815e-05
0.70 1.30 4.77815e-05
0.70 1.40 4.77815e-05
0.70 1.50 4.77815e-05
0.70 1.60 4.77815e-05
0.70 1.70 4.77815e-05
0.70 1.80 4.77815e-05
0.70 1.90 4.77815e-05
0.70 2.00 4.77815e-05
0.70 2.10 4.77815e-05
0.70 2.20 4.77815e-05
0.70 2.30 4.77815e-05
0.70 2.40 4.77815e-05
0.80 0.20 3.65827e-05
0.80 0.30 3.65827e-05
0.80 0.40 3.65827e-05
0.80 0.50 3.65827e-05
0.80 0.60 3.65827e-05
0.80 0.70 3.65827e-05
0.80 0.80 3.65827e-05
0.80 0.90 3.65827e-05
0.80 1.00 3.65827e-05
0.80 1.10 3.65827e-05
0.80 1.20 3.65827e-05
0.80 1.30 3.65827e-05
0.80 1.40 3.65827e-05
0.80 1.50 3.65827e-05
0.80 1.60 3.65827e-05
0.80 1.70 3.65827e-05
0.80 1.80 3.65827e-05
0.80 1.90 3.65827e-05
0.80 2.00 3.65827e-05
0.80 2.10 3.65827e-05
0.80 2.20 3.65827e-05
0.80 2.30 3.65827e-05
0.80 2.40 3.65827e-05
0.90 0.20 2.89049e-05
0.90 0.30 2.89049e-05
0.90 0.40 2.89049e-05
0.90 0.50 2.89049e-05
0.90 0.60 2.89049e-05
0.90 0.70 2.89049e-05
0.90 0.80 2.89049e-05
0.90 0.90 2.89049e-05
0.90 1.00 2.89049e-05
0.90 1.10 2.89049e-05
0.90 1.20 2.89049e-05
0.90 1.30 2.89049e-05
0.90 1.40 2.89049e-05
0.90 1.50 2.89049e-05
0.90 1.60 2.89049e-05
0.90 1.70 2.89049e-05
0.90 1.80 2.89049e-05
0.90 1.90 2.89049e-05
0.90 2.00 2.89049e-05
0.90 2.10 2.89049e-05
0.90 2.20 2.89049e-05
0.90 2.30 2.89049e-05
0.90 2.40 2.89049e-05
1.00 0.20 2.34129e-05
1.00 0.30 2.34129e-05
1.00 0.40 2.34129e-05
1.00 0.50 2.34129e-05
1.00 0.60 2.34129e-05
1.00 0.70 2.34129e-05
1.00 0.80 2.34129e-05
1.00 0.90 2.34129e-05
1.00 1.00 2.34129e-05
1.00 1.10 2.34129e-05
1.00 1.20 2.34129e-05
1.00 1.30 2.34129e-05
1.00 1.40 2.34129e-05
1.00 1.50 2.34129e-05
1.00 1.60 2.34129e-05
1.00 1.70 2.34129e-05
1.00 1.80 2.34129e-05
1.00 1.90 2.34129e-05
1.00 2.00 2.34129e-05
1.00 2.10 2.34129e-05
1.00 2.20 2.34129e-05
1.00 2.30 2.34129e-05
1.00 2.40 2.34129e-05
1.10 0.20 1.93495e-05
1.10 0.30 1.93495e-05
1.10 0.40 1.93495e-05
1.10 0.50 1.93495e-05
1.10 0.60 1.93495e-05
1.10 0.70 1.93495e-05
1.10 0.80 1.93495e-05
1.10 0.90 1.93495e-05
1.10 1.00 1.93495e-05
1.10 1.10 1.93495e-05
1.10 1.20 1.93495e-05
1.10 1.30 1.93495e-05
1.10 1.40 1.93495e-05
1.10 1.50 1.93495e-05
1.10 1.60 1.93495e-05
1.10 1.70 1.93495e-05
1.10 1.80 1.93495e-05
1.10 1.90 1.93495e-05
1.10 2.00 1.93495e-05
1.10 2.10 1.93495e-05
1.10 2.20 1.93495e-05
1.10 2.30 1.93495e-05
1.10 2.40 1.93495e-05
1.20 0.20 1.62590e-05
1.20 0.30 1.62590e-05
1.20 0.40 1.62590e-05
1.20 0.50 1.62590e-05
1.20 0.60 1.62590e-05
1.20 0.70 1.62590e-05
1.20 0.80 1.62590e-05
1.20 0.90 1.62590e-05
1.20 1.00 1.62590e-05
1.20 1.10 1.62590e-05
1.20 1.20 1.62590e-05
1.20 1.30 1.62590e-05
1.20 1.40 1.62590e-05
1.20 1.50 1.62590e-05
1.20 1.60 1.62590e-05
1.20 1.70 1.62590e-05
1.20 1.80 1.62590e-05
1.20 1.90 1.62590e-05
1.20 2.00 1.62590e-05
1.20 2.10 1.62590e-05
1.20 2.20 1.62590e-05
1.20 2.30 1.62590e-05
1.20 2.40 1.62590e-05
1.30 0.20 1.38538e-05
1.30 0.30 1.38538e-05
1.30 0.40 1.38538e-05
1.30 0.50 1.38538e-05
1.30 0.60 1.38538e-05
1.30 0.70 1.38538e-05
1.30 0.80 1.38538e-05
1.30 0.90 1.38538e-05
1.30 1.00 1.38538e-05
1.30 1.10 1.38538e-05
1.30 1.20 1.38538e-05
1.30 1.30 1.38538e-05
1.30 1.40 1.38538e-05
1.30 1.50 1.38538e-05
1.30 1.60 1.38538e-05
1.30 1.70 1.38538e-05
1.30 1.80 1.38538e-05
1.30 1.90 1.38538e-05
1.30 2.00 1.38538e-05
1.30 2.10 1.38538e-05
1.30 2.20 1.38538e-05
1.30 2.30 1.38538e-05
1.30 2.40 1.38538e-05
1.40 0.20 1.19454e-05
1.40 0.30 1.19454e-05
1.40 0.40 1.19454e-05
1.40 0.50 1.19454e-05
1.40 0.60 1.19454e-05
1.40 0.70 1.19454e-05
1.40 0.80 1.19454e-05
1.40 0.90 1.19454e-05
1.40 1.00 1.19454e-05
1.40 1.10 1.19454e-05
1.40 1.20 1.19454e-05
1.40 1.30 1.19454e-05
1.40 1.40 1.19454e-05
1.40 1.50 1.19454e-05
1.40 1.60 1.19454e-05
1.40 1.70 1.19454e-05
1.40 1.80 1.19454e-05
1.40 1.90 1.19454e-05
1.40 2.00 1.19454e-05
1.40 2.10 1.19454e-05
1.40 2.20 1.19454e-05
1.40 2.30 1.19454e-05
1.40 2.40 1.19454e-05
1.50 0.20 1.04057e-05
1.50 0.30 1.04057e-05
1.50 0.40 1.04057e-05
1.50 0.50 1.04057e-05
1.50 0.60 1.04057e-05
1.50 0.70 1.04057e-05
1.50 0.80 1.04057e-05
1.50 0.90 1.04057e-05
1.50 1.00 1.04057e-05
1.50 1.10 1.04057e-05
1.50 1.20 1.04057e-05
1.50 1.30 1.04057e-05
1.50 1.40 1.04057e-05
1.50 1.50 1.04057e-05
1.50 1.60 1.04057e-05
1.50 1.70 1.04057e-05
1.50 1.80 1.04057e-05
1.50 1.90 1.04057e-05
1.50 2.00 1.04057e-05
1.50 2.10 1.04057e-05
1.50 2.20 1.04057e-05
1.50 2.30 1.04057e-05
1.50 2.40 1.04057e-05
1.60 0.20 9.14568e-06
1.60 0.30 9.14568e-06
1.60 0.40 9.14568e-06
1.60 0.50 9.14568e-06
1.60 0.60 9.14568e-06
1.60 0.70 9.14568e-06
1.60 0.80 9.14568e-06
1.60 0.90 9.14568e-06
1.60 1.00 9.14568e-06
1.60 1.10 9.14568e-06
1.60 1.20 9.14568e-06
1.60 1.30 9.14568e-06
1.60 1.40 9.14568e-06
1.60 1.50 9.14568e-06
1.60 1.60 9.14568e-06
1.60 1.70 9.14568e-06
1.60 1.80 9.14568e-06
1.60 1.90 9.14568e-06
1.60 2.00 9.14568e-06
1.60 2.10 9.14568e-06
1.60 2.20 9.14568e-06
1.60 2.30 9.14568e-06
1.60 2.40 9.14568e-06
1.70 0.20 8.10136e-06
1.70 0.30 8.10136e-06
1.70 0.40 8.10136e-06
1.70 0.50 8.10136e-06
1.70 0.60 8.10136e-06
1.70 0.70 8.10136e-06
1.70 0.80 8.10136e-06
1.70 0.90 8.10136e-06
1.70 1.00 8.10136e-06
1.70 1.10 8.10136e-06
1.70 1.20 8.10136e-06
1.70 1.30 8.10136e-06
1.70 1.40 8.10136e-06
1.70 1.50 8.10136e-06
1.70 1.60 8.10136e-06
1.70 1.70 8.10136e-06
1.70 1.80 8.10136e-06
1.70 1.90 8.10136e-06
1.70 2.00 8.10136e-06
1.70 2.10 8.10136e-06
1.70 2.20 8.10136e-06
1.70 2.30 8.10136e-06
1.70 2.40 8.10136e-06
1.80 0.20 7.22621e-06
1.80 0.30 7.22621e-06
1.80 0.40 7.22621e-06
1.80 0.50 7.22621e-06
1.80 0.60 7.22621e-06
1.80 0.70 7.22621e-06
1.80 0.80 7.22621e-06
1.80 0.90 7.22621e-06
1.80 1.00 7.22621e-06
1.80 1.10 7.22621e-06
1.80 1.20 7.22621e-06
1.80 1.30 7.22621e-06
1.80 1.40 7.22621e-06
1.80 1.50 7.22621e-06
1.80 1.60 7.22621e-06
1.80 1.70 7.22621e-06
1.80 1.80 7.22621e-06
1.80 1.90 7.22621e-06
1.80 2.00 7.22621e-06
1.80 2.10 7.22621e-06
1.80 2.20 7.22621e-06
1.80 2.30 7.22621e-06
1.80 2.40 7.22621e-06
1.90 0.20 6.48558e-06
1.90 0.30 6.48558e-06
1.90 0.40 6.48558e-06
1.90 0.50 6.48558e-06
1.90 0.60 6.48558e-06
1.90 0.70 6.48558e-06
1.90 0.80 6.48558e-06
1.90 0.90 6.48558e-06
1.90 1.00 6.48558e-06
1.90 1.10 6.48558e-06
1.90 1.20 6.48558e-06
1.90 1.30 6.48558e-06
1.90 1.40 6.48558e-06
1.90 1.50 6.48558e-06
1.90 1.60 6.48558e-06
1.90 1.70 6.48558e-06
1.90 1.80 6.48558e-06
1.90 1.90 6.48558e-06
1.90 2.00 6.48558e-06
1.90 2.10 6.48558e-06
1.90 2.20 6.48558e-06
1.90 2.30 6.48558e-06
1.90 2.40 6.48558e-06
2.00 0.20 5.85323e-06
2.00 0.30 5.85323e-06
2.00 0.40 5.85323e-06
2.00 0.50 5.85323e-06
2.00 0.60 5.85323e-06
2.00 0.70 5.85323e-06
2.00 0.80 5.85323e-06
2.00 0.90 5.85323e-06
2.00 1.00 5.85323e-06
2.00 1.10 5.85323e-06
2.00 1.20 5.85323e-06
2.00 1.30 5.85323e-06
2.00 1.40 5.85323e-06
2.00 1.50 5.85323e-06
2.00 1.60 5.85323e-06
2.00 1.70 5.85323e-06
2.00 1.80 5.85323e-06
2.00 1.90 5.85323e-06
2.00 2.00 5.85323e-06
2.00 2.10 5.85323e-06
2.00 2.20 5.85323e-06
2.00 2.30 5.85323e-06
2.00 2.40 5.85323e-06
2.10 0.20 5.30906e-06
2.10 0.30 5.30906e-06
2.10 0.40 5.30906e-06
2.10 0.50 5.30906e-06
2.10 0.60 5.30906e-06
2.10 0.70 5.30906e-06
2.10 0.80 5.30906e-06
2.10 0.90 5.30906e-06
2.10 1.00 5.30906e-06
2.10 1.10 5.30906e-06
2.10 1.20 5.30906e-06
2.10 1.30 5.30906e-06
2.10 1.40 5.30906e-06
2.10 1.50 5.30906e-06
2.10 1.60 5.30906e-06
2.10 1.70 5.30906e-06
2.10 1.80 5.30906e-06
2.10 1.90 5.30906e-06
2.10 2.00 5.30906e-06
2.10 2.10 5.30906e-06
2.10 2.20 5.30906e-06
2.10 2.30 5.30906e-06
2.10 2.40 5.30906e-06
2.20 0.20 4.83738e-06
2.20 0.30 4.83738e-06
2.20 0.40 4.83738e-06
2.20 0.50 4.83738e-06
2.20 0.60 4.83738e-06
2.20 0.70 4.83738e-06
2.20 0.80 4.83738e-06
2.20 0.90 4.83738e-06
2.20 1.00 4.83738e-06
2.20 1.10 4.83738e-06
2.20 1.20 4.83738e-06
2.20 1.30 4.83738e-06
2.20 1.40 4.83738e-06
2.20 1.50 4.83738e-06
2.20 1.60 4.83738e-06
2.20 1.70 4.83738e-06
2.20 1.80 4.83738e-06
2.20 1.90 4.83738e-06
2.20 2.00 4.83738e-06
2.20 2.10 4.83738e-06
2.20 2.20 4.83738e-06
2.20 2.30 4.83738e-06
2.20 2.40 4.83738e-06
2.30 0.20 4.42589e-06
2.30 0.30 4.42589e-06
2.30 0.40 4.42589e-06
2.30 0.50 4.42589e-06
2.30 0.60 4.42589e-06
2.30 0.70 4.42589e-06
2.30 0.80 4.42589e-06
2.30 0.90 4.42589e-06
2.30 1.00 4.42589e-06
2.30 1.10 4.42589e-06
2.30 1.20 4.42589e-06
2.30 1.30 4.42589e-06
2.30 1.40 4.42589e-06
2.30 1.50 4.42589e-06
2.30 1.60 4.42589e-06
2.30 1.70 4.42589e-06
2.30 1.80 4.42589e-06
2.30 1.90 4.42589e-06
2.30 2.00 4.42589e-06
2.30 2.10 4.42589e-06
2.30 2.20 4.42589e-06
2.30 2.30 4.42589e-06
2.30 2.40 4.42589e-06
2.40 0.20 4.06475e-06
2.40 0.30 4.06475e-06
2.40 0.40 4.06475e-06
2.40 0.50 4.06475e-06
2.40 0.60 4.06475e-06
2.40 0.70 4.06475e-06
2.40 0.80 4.06475e-06
2.40 0.90 4.06475e-06
2.40 1.00 4.06475e-06
2.40 1.10 4.06475e-06
2.40 1.20 4.06475e-06
2.40 1.30 4.06475e-06
2.40 1.40 4.06475e-06
2.40 1.50 4.06475e-06
2.40 1.60 4.06475e-06
2.40 1.70 4.06475e-06
2.40 1.80 4.06475e-06
2.40 1.90 4.06475e-06
2.40 2.00 4.06475e-06
2.40 2.10 4.06475e-06
2.40 2.20 4.06475e-06
2.40 2.30 4.06475e-06
2.40 2.40 4.06475e-06
