0.30 0.30 3.25604e-06
0.30 0.40 3.25604e-06
0.30 0.50 3.25604e-06
0.30 0.60 3.25604e-06
0.30 0.70 3.25604e-06
0.30 0.80 3.25604e-06
0.30 0.90 3.25604e-06
0.30 1.00 3.25604e-06
0.30 1.10 3.25604e-06
0.30 1.20 3.25604e-06
0.30 1.30 3.25604e-06
0.30 1.40 3.25604e-06
0.30 1.50 3.25604e-06
0.30 1.60 3.25604e-06
0.30 1.70 3.25604e-06
0.30 1.80 3.25604e-06
0.30 1.90 3.25604e-06
0.30 2.00 3.25604e-06
0.30 2.10 3.25604e-06
0.30 2.20 3.25604e-06
0.30 2.30 3.25604e-06
0.30 2.40 3.25604e-06
0.30 2.50 3.25604e-06
0.30 2.60 3.25604e-06
0.30 2.70 3.25604e-06
0.40 0.30 1.83152e-06
0.40 0.40 1.83152e-06
0.40 0.50 1.83152e-06
0.40 0.60 1.83152e-06
0.40 0.70 1.83152e-06
0.40 0.80 1.83152e-06
0.40 0.90 1.83152e-06
0.40 1.00 1.83152e-06
0.40 1.10 1.83152e-06
0.40 1.20 1.83152e-06
0.40 1.30 1.83152e-06
0.40 1.40 1.83152e-06
0.40 1.50 1.83152e-06
0.40 1.60 1.83152e-06
0.40 1.70 1.83152e-06
0.40 1.80 1.83152e-06
0.40 1.90 1.83152e-06
0.40 2.00 1.83152e-06
0.40 2.10 1.83152e-06
0.40 2.20 1.83152e-06
0.40 2.30 1.83152e-06
0.40 2.40 1.83152e-06
0.40 2.50 1.83152e-06
0.40 2.60 1.83152e-06
0.40 2.70 1.83152e-06
0.50 0.30 1.17217e-06
0.50 0.40 1.17217e-06
0.50 0.50 1.17217e-06
0.50 0.60 1.17217e-06
0.50 0.70 1.17217e-06
0.50 0.80 1.17217e-06
0.50 0.90 1.17217e-06
0.50 1.00 1.17217e-06
0.50 1.10 1.17217e-06
0.50 1.20 1.17217e-06
0.50 1.30 1.17217e-06
0.50 1.40 1.17217e-06
0.50 1.50 1.17217e-06
0.50 1.60 1.17217e-06
0.50 1.70 1.17217e-06
0.50 1.80 1.17217e-06
0.50 1.90 1.17217e-06
0.50 2.00 1.17217e-06
0.50 2.10 1.17217e-06
0.50 2.20 1.17217e-06
0.50 2.30 1.17217e-06
0.50 2.40 1.17217e-06
0.50 2.50 1.17217e-06
0.50 2.60 1.17217e-06
0.50 2.70 1.17217e-06
0.60 0.30 8.14010e-07
0.60 0.40 8.14010e-07
0.60 0.50 8.14010e-07
0.60 0.60 8.14010e-07
0.60 0.70 8.14010e-07
0.60 0.80 8.14010e-07
0.60 0.90 8.14010e-07
0.60 1.00 8.14010e-07
0.60 1.10 8.14010e-07
0.60 1.20 8.14010e-07
0.60 1.30 8.14010e-07
0.60 1.40 8.14010e-07
0.60 1.50 8.14010e-07
0.60 1.60 8.14010e-07
0.60 1.70 8.14010e-07
0.60 1.80 8.14010e-07
0.60 1.90 8.14010e-07
0.60 2.00 8.14010e-07
0.60 2.10 8.14010e-07
0.60 2.20 8.14010e-07
0.60 2.30 8.14010e-07
0.60 2.40 8.14010e-07
0.60 2.50 8.14010e-07
0.60 2.60 8.14010e-07
0.60 2.70 8.14010e-07
0.70 0.30 5.98048e-07
0.70 0.40 5.98048e-07
0.70 0.50 5.98048e-07
0.70 0.60 5.98048e-07
0.70 0.70 5.98048e-07
0.70 0.80 5.98048e-07
0.70 0.90 5.98048e-07
0.70 1.00 5.98048e-07
0.70 1.10 5.98048e-07
0.70 1.20 5.98048e-07
0.70 1.30 5.98048e-07
0.70 1.40 5.98048e-07
0.70 1.50 5.98048e-07
0.70 1.60 5.98048e-07
0.70 1.70 5.98048e-07
0.70 1.80 5.98048e-07
0.70 1.90 5.98048e-07
0.70 2.00 5.98048e-07
0.70 2.10 5.98048e-07
0.70 2.20 5.98048e-07
0.70 2.30 5.98048e-07
0.70 2.40 5.98048e-07
0.70 2.50 5.98048e-07
0.70 2.60 5.98048e-07
0.70 2.70 5.98048e-07
0.80 0.30 4.57881e-07
0.80 0.40 4.57881e-07
0.80 0.50 4.57881e-07
0.80 0.60 4.57881e-07
0.80 0.70 4.57881e-07
0.80 0.80 4.57881e-07
0.80 0.90 4.57881e-07
0.80 1.00 4.57881e-07
0.80 1.10 4.57881e-07
0.80 1.20 4.57881e-07
0.80 1.30 4.57881e-07
0.80 1.40 4.57881e-07
0.80 1.50 4.57881e-07
0.80 1.60 4.57881e-07
0.80 1.70 4.57881e-07
0.80 1.80 4.57881e-07
0.80 1.90 4.57881e-07
0.80 2.00 4.57881e-07
0.80 2.10 4.57881e-07
0.80 2.20 4.57881e-07
0.80 2.30 4.57881e-07
0.80 2.40 4.57881e-07
0.80 2.50 4.57881e-07
0.80 2.60 4.57881e-07
0.80 2.70 4.57881e-07
0.90 0.30 3.61782e-07
0.90 0.40 3.61782e-07
0.90 0.50 3.61782e-07
0.90 0.60 3.61782e-07
0.90 0.70 3.61782e-07
0.90 0.80 3.61782e-07
0.90 0.90 3.61782e-07
0.90 1.00 3.61782e-07
0.90 1.10 3.61782e-07
0.90 1.20 3.61782e-07
0.90 1.30 3.61782e-07
0.90 1.40 3.61782e-07
0.90 1.50 3.61782e-07
0.90 1.60 3.61782e-07
0.90 1.70 3.61782e-07
0.90 1.80 3.61782e-07
0.90 1.90 3.61782e-07
0.90 2.00 3.61782e-07
0.90 2.10 3.61782e-07
0.90 2.20 3.61782e-07
0.90 2.30 3.61782e-07
0.90 2.40 3.61782e-07
0.90 2.50 3.61782e-07
0.90 2.60 3.61782e-07
0.90 2.70 3.61782e-07
1.00 0.30 2.93044e-07
1.00 0.40 2.93044e-07
1.00 0.50 2.93044e-07
1.00 0.60 2.93044e-07
1.00 0.70 2.93044e-07
1.00 0.80 2.93044e-07
1.00 0.90 2.93044e-07
1.00 1.00 2.93044e-07
1.00 1.10 2.93044e-07
1.00 1.20 2.93044e-07
1.00 1.30 2.93044e-07
1.00 1.40 2.93044e-07
1.00 1.50 2.93044e-07
1.00 1.60 2.93044e-07
1.00 1.70 2.93044e-07
1.00 1.80 2.93044e-07
1.00 1.90 2.93044e-07
1.00 2.00 2.93044e-07
1.00 2.10 2.93044e-07
1.00 2.20 2.93044e-07
1.00 2.30 2.93044e-07
1.00 2.40 2.93044e-07
1.00 2.50 2.93044e-07
1.00 2.60 2.93044e-07
1.00 2.70 2.93044e-07
1.10 0.30 2.42185e-07
1.10 0.40 2.42185e-07
1.10 0.50 2.42185e-07
1.10 0.60 2.42185e-07
1.10 0.70 2.42185e-07
1.10 0.80 2.42185e-07
1.10 0.90 2.42185e-07
1.10 1.00 2.42185e-07
1.10 1.10 2.42185e-07
1.10 1.20 2.42185e-07
1.10 1.30 2.42185e-07
1.10 1.40 2.42185e-07
1.10 1.50 2.42185e-07
1.10 1.60 2.42185e-07
1.10 1.70 2.42185e-07
1.10 1.80 2.42185e-07
1.10 1.90 2.42185e-07
1.10 2.00 2.42185e-07
1.10 2.10 2.42185e-07
1.10 2.20 2.42185e-07
1.10 2.30 2.42185e-07
1.10 2.40 2.42185e-07
1.10 2.50 2.42185e-07
1.10 2.60 2.42185e-07
1.10 2.70 2.42185e-07
1.20 0.30 2.03502e-07
1.20 0.40 2.03502e-07
1.20 0.50 2.03502e-07
1.20 0.60 2.03502e-07
1.20 0.70 2.03502e-07
1.20 0.80 2.03502e-07
1.20 0.90 2.03502e-07
1.20 1.00 2.03502e-07
1.20 1.10 2.03502e-07
1.20 1.20 2.03502e-07
1.20 1.30 2.03502e-07
1.20 1.40 2.03502e-07
1.20 1.50 2.03502e-07
1.20 1.60 2.03502e-07
1.20 1.70 2.03502e-07
1.20 1.80 2.03502e-07
1.20 1.90 2.03502e-07
1.20 2.00 2.03502e-07
1.20 2.10 2.03502e-07
1.20 2.20 2.03502e-07
1.20 2.30 2.03502e-07
1.20 2.40 2.03502e-07
1.20 2.50 2.03502e-07
1.20 2.60 2.03502e-07
1.20 2.70 2.03502e-07
1.30 0.30 1.73399e-07
1.30 0.40 1.73399e-07
1.30 0.50 1.73399e-07
1.30 0.60 1.73399e-07
1.30 0.70 1.73399e-07
1.30 0.80 1.73399e-07
1.30 0.90 1.73399e-07
1.30 1.00 1.73399e-07
1.30 1.10 1.73399e-07
1.30 1.20 1.73399e-07
1.30 1.30 1.73399e-07
1.30 1.40 1.73399e-07
1.30 1.50 1.73399e-07
1.30 1.60 1.73399e-07
1.30 1.70 1.73399e-07
1.30 1.80 1.73399e-07
1.30 1.90 1.73399e-07
1.30 2.00 1.73399e-07
1.30 2.10 1.73399e-07
1.30 2.20 1.73399e-07
1.30 2.30 1.73399e-07
1.30 2.40 1.73399e-07
1.30 2.50 1.73399e-07
1.30 2.60 1.73399e-07
1.30 2.70 1.73399e-07
1.40 0.30 1.49512e-07
1.40 0.40 1.49512e-07
1.40 0.50 1.49512e-07
1.40 0.60 1.49512e-07
1.40 0.70 1.49512e-07
1.40 0.80 1.49512e-07
1.40 0.90 1.49512e-07
1.40 1.00 1.49512e-07
1.40 1.10 1.49512e-07
1.40 1.20 1.49512e-07
1.40 1.30 1.49512e-07
1.40 1.40 1.49512e-07
1.40 1.50 1.49512e-07
1.40 1.60 1.49512e-07
1.40 1.70 1.49512e-07
1.40 1.80 1.49512e-07
1.40 1.90 1.49512e-07
1.40 2.00 1.49512e-07
1.40 2.10 1.49512e-07
1.40 2.20 1.49512e-07
1.40 2.30 1.49512e-07
1.40 2.40 1.49512e-07
1.40 2.50 1.49512e-07
1.40 2.60 1.49512e-07
1.40 2.70 1.49512e-07
1.50 0.30 1.30242e-07
1.50 0.40 1.30242e-07
1.50 0.50 1.30242e-07
1.50 0.60 1.30242e-07
1.50 0.70 1.30242e-07
1.50 0.80 1.30242e-07
1.50 0.90 1.30242e-07
1.50 1.00 1.30242e-07
1.50 1.10 1.30242e-07
1.50 1.20 1.30242e-07
1.50 1.30 1.30242e-07
1.50 1.40 1.30242e-07
1.50 1.50 1.30242e-07
1.50 1.60 1.30242e-07
1.50 1.70 1.30242e-07
1.50 1.80 1.30242e-07
1.50 1.90 1.30242e-07
1.50 2.00 1.30242e-07
1.50 2.10 1.30242e-07
1.50 2.20 1.30242e-07
1.50 2.30 1.30242e-07
1.50 2.40 1.30242e-07
1.50 2.50 1.30242e-07
1.50 2.60 1.30242e-07
1.50 2.70 1.30242e-07
1.60 0.30 1.14470e-07
1.60 0.40 1.14470e-07
1.60 0.50 1.14470e-07
1.60 0.60 1.14470e-07
1.60 0.70 1.14470e-07
1.60 0.80 1.14470e-07
1.60 0.90 1.14470e-07
1.60 1.00 1.14470e-07
1.60 1.10 1.14470e-07
1.60 1.20 1.14470e-07
1.60 1.30 1.14470e-07
1.60 1.40 1.14470e-07
1.60 1.50 1.14470e-07
1.60 1.60 1.14470e-07
1.60 1.70 1.14470e-07
1.60 1.80 1.14470e-07
1.60 1.90 1.14470e-07
1.60 2.00 1.14470e-07
1.60 2.10 1.14470e-07
1.60 2.20 1.14470e-07
1.60 2.30 1.14470e-07
1.60 2.40 1.14470e-07
1.60 2.50 1.14470e-07
1.60 2.60 1.14470e-07
1.60 2.70 1.14470e-07
1.70 0.30 1.01399e-07
1.70 0.40 1.01399e-07
1.70 0.50 1.01399e-07
1.70 0.60 1.01399e-07
1.70 0.70 1.01399e-07
1.70 0.80 1.01399e-07
1.70 0.90 1.01399e-07
1.70 1.00 1.01399e-07
1.70 1.10 1.01399e-07
1.70 1.20 1.01399e-07
1.70 1.30 1.01399e-07
1.70 1.40 1.01399e-07
1.70 1.50 1.01399e-07
1.70 1.60 1.01399e-07
1.70 1.70 1.01399e-07
1.70 1.80 1.01399e-07
1.70 1.90 1.01399e-07
1.70 2.00 1.01399e-07
1.70 2.10 1.01399e-07
1.70 2.20 1.01399e-07
1.70 2.30 1.01399e-07
1.70 2.40 1.01399e-07
1.70 2.50 1.01399e-07
1.70 2.60 1.01399e-07
1.70 2.70 1.01399e-07
1.80 0.30 9.04455e-08
1.80 0.40 9.04455e-08
1.80 0.50 9.04455e-08
1.80 0.60 9.04455e-08
1.80 0.70 9.04455e-08
1.80 0.80 9.04455e-08
1.80 0.90 9.04455e-08
1.80 1.00 9.04455e-08
1.80 1.10 9.04455e-08
1.80 1.20 9.04455e-08
1.80 1.30 9.04455e-08
1.80 1.40 9.04455e-08
1.80 1.50 9.04455e-08
1.80 1.60 9.04455e-08
1.80 1.70 9.04455e-08
1.80 1.80 9.04455e-08
1.80 1.90 9.04455e-08
1.80 2.00 9.04455e-08
1.80 2.10 9.04455e-08
1.80 2.20 9.04455e-08
1.80 2.30 9.04455e-08
1.80 2.40 9.04455e-08
1.80 2.50 9.04455e-08
1.80 2.60 9.04455e-08
1.80 2.70 9.04455e-08
1.90 0.30 8.11755e-08
1.90 0.40 8.11755e-08
1.90 0.50 8.11755e-08
1.90 0.60 8.11755e-08
1.90 0.70 8.11755e-08
1.90 0.80 8.11755e-08
1.90 0.90 8.11755e-08
1.90 1.00 8.11755e-08
1.90 1.10 8.11755e-08
1.90 1.20 8.11755e-08
1.90 1.30 8.11755e-08
1.90 1.40 8.11755e-08
1.90 1.50 8.11755e-08
1.90 1.60 8.11755e-08
1.90 1.70 8.11755e-08
1.90 1.80 8.11755e-08
1.90 1.90 8.11755e-08
1.90 2.00 8.11755e-08
1.90 2.10 8.11755e-08
1.90 2.20 8.11755e-08
1.90 2.30 8.11755e-08
1.90 2.40 8.11755e-08
1.90 2.50 8.11755e-08
1.90 2.60 8.11755e-08
1.90 2.70 8.11755e-08
2.00 0.30 7.32609e-08
2.00 0.40 7.32609e-08
2.00 0.50 7.32609e-08
2.00 0.60 7.32609e-08
2.00 0.70 7.32609e-08
2.00 0.80 7.32609e-08
2.00 0.90 7.32609e-08
2.00 1.00 7.32609e-08
2.00 1.10 7.32609e-08
2.00 1.20 7.32609e-08
2.00 1.30 7.32609e-08
2.00 1.40 7.32609e-08
2.00 1.50 7.32609e-08
2.00 1.60 7.32609e-08
2.00 1.70 7.32609e-08
2.00 1.80 7.32609e-08
2.00 1.90 7.32609e-08
2.00 2.00 7.32609e-08
2.00 2.10 7.32609e-08
2.00 2.20 7.32609e-08
2.00 2.30 7.32609e-08
2.00 2.40 7.32609e-08
2.00 2.50 7.32609e-08
2.00 2.60 7.32609e-08
2.00 2.70 7.32609e-08
2.10 0.30 6.64498e-08
2.10 0.40 6.64498e-08
2.10 0.50 6.64498e-08
2.10 0.60 6.64498e-08
2.10 0.70 6.64498e-08
2.10 0.80 6.64498e-08
2.10 0.90 6.64498e-08
2.10 1.00 6.64498e-08
2.10 1.10 6.64498e-08
2.10 1.20 6.64498e-08
2.10 1.30 6.64498e-08
2.10 1.40 6.64498e-08
2.10 1.50 6.64498e-08
2.10 1.60 6.64498e-08
2.10 1.70 6.64498e-08
2.10 1.80 6.64498e-08
2.10 1.90 6.64498e-08
2.10 2.00 6.64498e-08
2.10 2.10 6.64498e-08
2.10 2.20 6.64498e-08
2.10 2.30 6.64498e-08
2.10 2.40 6.64498e-08
2.10 2.50 6.64498e-08
2.10 2.60 6.64498e-08
2.10 2.70 6.64498e-08
2.20 0.30 6.05462e-08
2.20 0.40 6.05462e-08
2.20 0.50 6.05462e-08
2.20 0.60 6.05462e-08
2.20 0.70 6.05462e-08
2.20 0.80 6.05462e-08
2.20 0.90 6.05462e-08
2.20 1.00 6.05462e-08
2.20 1.10 6.05462e-08
2.20 1.20 6.05462e-08
2.20 1.30 6.05462e-08
2.20 1.40 6.05462e-08
2.20 1.50 6.05462e-08
2.20 1.60 6.05462e-08
2.20 1.70 6.05462e-08
2.20 1.80 6.05462e-08
2.20 1.90 6.05462e-08
2.20 2.00 6.05462e-08
2.20 2.10 6.05462e-08
2.20 2.20 6.05462e-08
2.20 2.30 6.05462e-08
2.20 2.40 6.05462e-08
2.20 2.50 6.05462e-08
2.20 2.60 6.05462e-08
2.20 2.70 6.05462e-08
2.30 0.30 5.53958e-08
2.30 0.40 5.53958e-08
2.30 0.50 5.53958e-08
2.30 0.60 5.53958e-08
2.30 0.70 5.53958e-08
2.30 0.80 5.53958e-08
2.30 0.90 5.53958e-08
2.30 1.00 5.53958e-08
2.30 1.10 5.53958e-08
2.30 1.20 5.53958e-08
2.30 1.30 5.53958e-08
2.30 1.40 5.53958e-08
2.30 1.50 5.53958e-08
2.30 1.60 5.53958e-08
2.30 1.70 5.53958e-08
2.30 1.80 5.53958e-08
2.30 1.90 5.53958e-08
2.30 2.00 5.53958e-08
2.30 2.10 5.53958e-08
2.30 2.20 5.53958e-08
2.30 2.30 5.53958e-08
2.30 2.40 5.53958e-08
2.30 2.50 5.53958e-08
2.30 2.60 5.53958e-08
2.30 2.70 5.53958e-08
2.40 0.30 5.08756e-08
2.40 0.40 5.08756e-08
2.40 0.50 5.08756e-08
2.40 0.60 5.08756e-08
2.40 0.70 5.08756e-08
2.40 0.80 5.08756e-08
2.40 0.90 5.08756e-08
2.40 1.00 5.08756e-08
2.40 1.10 5.08756e-08
2.40 1.20 5.08756e-08
2.40 1.30 5.08756e-08
2.40 1.40 5.08756e-08
2.40 1.50 5.08756e-08
2.40 1.60 5.08756e-08
2.40 1.70 5.08756e-08
2.40 1.80 5.08756e-08
2.40 1.90 5.08756e-08
2.40 2.00 5.08756e-08
2.40 2.10 5.08756e-08
2.40 2.20 5.08756e-08
2.40 2.30 5.08756e-08
2.40 2.40 5.08756e-08
2.40 2.50 5.08756e-08
2.40 2.60 5.08756e-08
2.40 2.70 5.08756e-08
2.50 0.30 4.68870e-08
2.50 0.40 4.68870e-08
2.50 0.50 4.68870e-08
2.50 0.60 4.68870e-08
2.50 0.70 4.68870e-08
2.50 0.80 4.68870e-08
2.50 0.90 4.68870e-08
2.50 1.00 4.68870e-08
2.50 1.10 4.68870e-08
2.50 1.20 4.68870e-08
2.50 1.30 4.68870e-08
2.50 1.40 4.68870e-08
2.50 1.50 4.68870e-08
2.50 1.60 4.68870e-08
2.50 1.70 4.68870e-08
2.50 1.80 4.68870e-08
2.50 1.90 4.68870e-08
2.50 2.00 4.68870e-08
2.50 2.10 4.68870e-08
2.50 2.20 4.68870e-08
2.50 2.30 4.68870e-08
2.50 2.40 4.68870e-08
2.50 2.50 4.68870e-08
2.50 2.60 4.68870e-08
2.50 2.70 4.68870e-08
2.60 0.30 4.33496e-08
2.60 0.40 4.33496e-08
2.60 0.50 4.33496e-08
2.60 0.60 4.33496e-08
2.60 0.70 4.33496e-08
2.60 0.80 4.33496e-08
2.60 0.90 4.33496e-08
2.60 1.00 4.33496e-08
2.60 1.10 4.33496e-08
2.60 1.20 4.33496e-08
2.60 1.30 4.33496e-08
2.60 1.40 4.33496e-08
2.60 1.50 4.33496e-08
2.60 1.60 4.33496e-08
2.60 1.70 4.33496e-08
2.60 1.80 4.33496e-08
2.60 1.90 4.33496e-08
2.60 2.00 4.33496e-08
2.60 2.10 4.33496e-08
2.60 2.20 4.33496e-08
2.60 2.30 4.33496e-08
2.60 2.40 4.33496e-08
2.60 2.50 4.33496e-08
2.60 2.60 4.33496e-08
2.60 2.70 4.33496e-08
2.70 0.30 4.01980e-08
2.70 0.40 4.01980e-08
2.70 0.50 4.01980e-08
2.70 0.60 4.01980e-08
2.70 0.70 4.01980e-08
2.70 0.80 4.01980e-08
2.70 0.90 4.01980e-08
2.70 1.00 4.01980e-08
2.70 1.10 4.01980e-08
2.70 1.20 4.01980e-08
2.70 1.30 4.01980e-08
2.70 1.40 4.01980e-08
2.70 1.50 4.01980e-08
2.70 1.60 4.01980e-08
2.70 1.70 4.01980e-08
2.70 1.80 4.01980e-08
2.70 1.90 4.01980e-08
2.70 2.00 4.01980e-08
2.70 2.10 4.01980e-08
2.70 2.20 4.01980e-08
2.70 2.30 4.01980e-08
2.70 2.40 4.01980e-08
2.70 2.50 4.01980e-08
2.70 2.60 4.01980e-08
2.70 2.70 4.01980e-08
