0.20 0.20 -1.62795e-04
0.20 0.30 -1.62795e-04
0.20 0.40 -1.62795e-04
0.20 0.50 -1.62795e-04
0.20 0.60 -1.62795e-04
0.20 0.70 -1.62795e-04
0.20 0.80 -1.62795e-04
0.20 0.90 -1.62795e-04
0.20 1.00 -1.62795e-04
0.20 1.10 -1.62795e-04
0.20 1.20 -1.62795e-04
0.20 1.30 -1.62795e-04
0.20 1.40 -1.62795e-04
0.20 1.50 -1.62795e-04
0.20 1.60 -1.62795e-04
0.20 1.70 -1.62795e-04
0.20 1.80 -1.62795e-04
0.20 1.90 -1.62795e-04
0.20 2.00 -1.62795e-04
0.20 2.10 -1.62795e-04
0.20 2.20 -1.62795e-04
0.20 2.30 -1.62795e-04
0.20 2.40 -1.62795e-04
0.30 0.20 -7.23535e-05
0.30 0.30 -7.23535e-05
0.30 0.40 -7.23535e-05
0.30 0.50 -7.23535e-05
0.30 0.60 -7.23535e-05
0.30 0.70 -7.23535e-05
0.30 0.80 -7.23535e-05
0.30 0.90 -7.23535e-05
0.30 1.00 -7.23535e-05
0.30 1.10 -7.23535e-05
0.30 1.20 -7.23535e-05
0.30 1.30 -7.23535e-05
0.30 1.40 -7.23535e-05
0.30 1.50 -7.23535e-05
0.30 1.60 -7.23535e-05
0.30 1.70 -7.23535e-05
0.30 1.80 -7.23535e-05
0.30 1.90 -7.23535e-05
0.30 2.00 -7.23535e-05
0.30 2.10 -7.23535e-05
0.30 2.20 -7.23535e-05
0.30 2.30 -7.23535e-05
0.30 2.40 -7.23535e-05
0.40 0.20 -4.06989e-05
0.40 0.30 -4.06989e-05
0.40 0.40 -4.06989e-05
0.40 0.50 -4.06989e-05
0.40 0.60 -4.06989e-05
0.40 0.70 -4.06989e-05
0.40 0.80 -4.06989e-05
0.40 0.90 -4.06989e-05
0.40 1.00 -4.06989e-05
0.40 1.10 -4.06989e-05
0.40 1.20 -4.06989e-05
0.40 1.30 -4.06989e-05
0.40 1.40 -4.06989e-05
0.40 1.50 -4.06989e-05
0.40 1.60 -4.06989e-05
0.40 1.70 -4.06989e-05
0.40 1.80 -4.06989e-05
0.40 1.90 -4.06989e-05
0.40 2.00 -4.06989e-05
0.40 2.10 -4.06989e-05
0.40 2.20 -4.06989e-05
0.40 2.30 -4.06989e-05
0.40 2.40 -4.06989e-05
0.50 0.20 -2.60473e-05
0.50 0.30 -2.60473e-05
0.50 0.40 -2.60473e-05
0.50 0.50 -2.60473e-05
0.50 0.60 -2.60473e-05
0.50 0.70 -2.60473e-05
0.50 0.80 -2.60473e-05
0.50 0.90 -2.60473e-05
0.50 1.00 -2.60473e-05
0.50 1.10 -2.60473e-05
0.50 1.20 -2.60473e-05
0.50 1.30 -2.60473e-05
0.50 1.40 -2.60473e-05
0.50 1.50 -2.60473e-05
0.50 1.60 -2.60473e-05
0.50 1.70 -2.60473e-05
0.50 1.80 -2.60473e-05
0.50 1.90 -2.60473e-05
0.50 2.00 -2.60473e-05
0.50 2.10 -2.60473e-05
0.50 2.20 -2.60473e-05
0.50 2.30 -2.60473e-05
0.50 2.40 -2.60473e-05
0.60 0.20 -1.80884e-05
0.60 0.30 -1.80884e-05
0.60 0.40 -1.80884e-05
0.60 0.50 -1.80884e-05
0.60 0.60 -1.80884e-05
0.60 0.70 -1.80884e-05
0.60 0.80 -1.80884e-05
0.60 0.90 -1.80884e-05
0.60 1.00 -1.80884e-05
0.60 1.10 -1.80884e-05
0.60 1.20 -1.80884e-05
0.60 1.30 -1.80884e-05
0.60 1.40 -1.80884e-05
0.60 1.50 -1.80884e-05
0.60 1.60 -1.80884e-05
0.60 1.70 -1.80884e-05
0.60 1.80 -1.80884e-05
0.60 1.90 -1.80884e-05
0.60 2.00 -1.80884e-05
0.60 2.10 -1.80884e-05
0.60 2.20 -1.80884e-05
0.60 2.30 -1.80884e-05
0.60 2.40 -1.80884e-05
0.70 0.20 -1.32894e-05
0.70 0.30 -1.32894e-05
0.70 0.40 -1.32894e-05
0.70 0.50 -1.32894e-05
0.70 0.60 -1.32894e-05
0.70 0.70 -1.32894e-05
0.70 0.80 -1.32894e-05
0.70 0.90 -1.32894e-05
0.70 1.00 -1.32894e-05
0.70 1.10 -1.32894e-05
0.70 1.20 -1.32894e-05
0.70 1.30 -1.32894e-05
0.70 1.40 -1.32894e-05
0.70 1.50 -1.32894e-05
0.70 1.60 -1.32894e-05
0.70 1.70 -1.32894e-05
0.70 1.80 -1.32894e-05
0.70 1.90 -1.32894e-05
0.70 2.00 -1.32894e-05
0.70 2.10 -1.32894e-05
0.70 2.20 -1.32894e-05
0.70 2.30 -1.32894e-05
0.70 2.40 -1.32894e-05
0.80 0.20 -1.01747e-05
0.80 0.30 -1.01747e-05
0.80 0.40 -1.01747e-05
0.80 0.50 -1.01747e-05
0.80 0.60 -1.01747e-05
0.80 0.70 -1.01747e-05
0.80 0.80 -1.01747e-05
0.80 0.90 -1.01747e-05
0.80 1.00 -1.01747e-05
0.80 1.10 -1.01747e-05
0.80 1.20 -1.01747e-05
0.80 1.30 -1.01747e-05
0.80 1.40 -1.01747e-05
0.80 1.50 -1.01747e-05
0.80 1.60 -1.01747e-05
0.80 1.70 -1.01747e-05
0.80 1.80 -1.01747e-05
0.80 1.90 -1.01747e-05
0.80 2.00 -1.01747e-05
0.80 2.10 -1.01747e-05
0.80 2.20 -1.01747e-05
0.80 2.30 -1.01747e-05
0.80 2.40 -1.01747e-05
0.90 0.20 -8.03928e-06
0.90 0.30 -8.03928e-06
0.90 0.40 -8.03928e-06
0.90 0.50 -8.03928e-06
0.90 0.60 -8.03928e-06
0.90 0.70 -8.03928e-06
0.90 0.80 -8.03928e-06
0.90 0.90 -8.03928e-06
0.90 1.00 -8.03928e-06
0.90 1.10 -8.03928e-06
0.90 1.20 -8.03928e-06
0.90 1.30 -8.03928e-06
0.90 1.40 -8.03928e-06
0.90 1.50 -8.03928e-06
0.90 1.60 -8.03928e-06
0.90 1.70 -8.03928e-06
0.90 1.80 -8.03928e-06
0.90 1.90 -8.03928e-06
0.90 2.00 -8.03928e-06
0.90 2.10 -8.03928e-06
0.90 2.20 -8.03928e-06
0.90 2.30 -8.03928e-06
0.90 2.40 -8.03928e-06
1.00 0.20 -6.51182e-06
1.00 0.30 -6.51182e-06
1.00 0.40 -6.51182e-06
1.00 0.50 -6.51182e-06
1.00 0.60 -6.51182e-06
1.00 0.70 -6.51182e-06
1.00 0.80 -6.51182e-06
1.00 0.90 -6.51182e-06
1.00 1.00 -6.51182e-06
1.00 1.10 -6.51182e-06
1.00 1.20 -6.51182e-06
1.00 1.30 -6.51182e-06
1.00 1.40 -6.51182e-06
1.00 1.50 -6.51182e-06
1.00 1.60 -6.51182e-06
1.00 1.70 -6.51182e-06
1.00 1.80 -6.51182e-06
1.00 1.90 -6.51182e-06
1.00 2.00 -6.51182e-06
1.00 2.10 -6.51182e-06
1.00 2.20 -6.51182e-06
1.00 2.30 -6.51182e-06
1.00 2.40 -6.51182e-06
1.10 0.20 -5.38167e-06
1.10 0.30 -5.38167e-06
1.10 0.40 -5.38167e-06
1.10 0.50 -5.38167e-06
1.10 0.60 -5.38167e-06
1.10 0.70 -5.38167e-06
1.10 0.80 -5.38167e-06
1.10 0.90 -5.38167e-06
1.10 1.00 -5.38167e-06
1.10 1.10 -5.38167e-06
1.10 1.20 -5.38167e-06
1.10 1.30 -5.38167e-06
1.10 1.40 -5.38167e-06
1.10 1.50 -5.38167e-06
1.10 1.60 -5.38167e-06
1.10 1.70 -5.38167e-06
1.10 1.80 -5.38167e-06
1.10 1.90 -5.38167e-06
1.10 2.00 -5.38167e-06
1.10 2.10 -5.38167e-06
1.10 2.20 -5.38167e-06
1.10 2.30 -5.38167e-06
1.10 2.40 -5.38167e-06
1.20 0.20 -4.52210e-06
1.20 0.30 -4.52210e-06
1.20 0.40 -4.52210e-06
1.20 0.50 -4.52210e-06
1.20 0.60 -4.52210e-06
1.20 0.70 -4.52210e-06
1.20 0.80 -4.52210e-06
1.20 0.90 -4.52210e-06
1.20 1.00 -4.52210e-06
1.20 1.10 -4.52210e-06
1.20 1.20 -4.52210e-06
1.20 1.30 -4.52210e-06
1.20 1.40 -4.52210e-06
1.20 1.50 -4.52210e-06
1.20 1.60 -4.52210e-06
1.20 1.70 -4.52210e-06
1.20 1.80 -4.52210e-06
1.20 1.90 -4.52210e-06
1.20 2.00 -4.52210e-06
1.20 2.10 -4.52210e-06
1.20 2.20 -4.52210e-06
1.20 2.30 -4.52210e-06
1.20 2.40 -4.52210e-06
1.30 0.20 -3.85315e-06
1.30 0.30 -3.85315e-06
1.30 0.40 -3.85315e-06
1.30 0.50 -3.85315e-06
1.30 0.60 -3.85315e-06
1.30 0.70 -3.85315e-06
1.30 0.80 -3.85315e-06
1.30 0.90 -3.85315e-06
1.30 1.00 -3.85315e-06
1.30 1.10 -3.85315e-06
1.30 1.20 -3.85315e-06
1.30 1.30 -3.85315e-06
1.30 1.40 -3.85315e-06
1.30 1.50 -3.85315e-06
1.30 1.60 -3.85315e-06
1.30 1.70 -3.85315e-06
1.30 1.80 -3.85315e-06
1.30 1.90 -3.85315e-06
1.30 2.00 -3.85315e-06
1.30 2.10 -3.85315e-06
1.30 2.20 -3.85315e-06
1.30 2.30 -3.85315e-06
1.30 2.40 -3.85315e-06
1.40 0.20 -3.32236e-06
1.40 0.30 -3.32236e-06
1.40 0.40 -3.32236e-06
1.40 0.50 -3.32236e-06
1.40 0.60 -3.32236e-06
1.40 0.70 -3.32236e-06
1.40 0.80 -3.32236e-06
1.40 0.90 -3.32236e-06
1.40 1.00 -3.32236e-06
1.40 1.10 -3.32236e-06
1.40 1.20 -3.32236e-06
1.40 1.30 -3.32236e-06
1.40 1.40 -3.32236e-06
1.40 1.50 -3.32236e-06
1.40 1.60 -3.32236e-06
1.40 1.70 -3.32236e-06
1.40 1.80 -3.32236e-06
1.40 1.90 -3.32236e-06
1.40 2.00 -3.32236e-06
1.40 2.10 -3.32236e-06
1.40 2.20 -3.32236e-06
1.40 2.30 -3.32236e-06
1.40 2.40 -3.32236e-06
1.50 0.20 -2.89414e-06
1.50 0.30 -2.89414e-06
1.50 0.40 -2.89414e-06
1.50 0.50 -2.89414e-06
1.50 0.60 -2.89414e-06
1.50 0.70 -2.89414e-06
1.50 0.80 -2.89414e-06
1.50 0.90 -2.89414e-06
1.50 1.00 -2.89414e-06
1.50 1.10 -2.89414e-06
1.50 1.20 -2.89414e-06
1.50 1.30 -2.89414e-06
1.50 1.40 -2.89414e-06
1.50 1.50 -2.89414e-06
1.50 1.60 -2.89414e-06
1.50 1.70 -2.89414e-06
1.50 1.80 -2.89414e-06
1.50 1.90 -2.89414e-06
1.50 2.00 -2.89414e-06
1.50 2.10 -2.89414e-06
1.50 2.20 -2.89414e-06
1.50 2.30 -2.89414e-06
1.50 2.40 -2.89414e-06
1.60 0.20 -2.54368e-06
1.60 0.30 -2.54368e-06
1.60 0.40 -2.54368e-06
1.60 0.50 -2.54368e-06
1.60 0.60 -2.54368e-06
1.60 0.70 -2.54368e-06
1.60 0.80 -2.54368e-06
1.60 0.90 -2.54368e-06
1.60 1.00 -2.54368e-06
1.60 1.10 -2.54368e-06
1.60 1.20 -2.54368e-06
1.60 1.30 -2.54368e-06
1.60 1.40 -2.54368e-06
1.60 1.50 -2.54368e-06
1.60 1.60 -2.54368e-06
1.60 1.70 -2.54368e-06
1.60 1.80 -2.54368e-06
1.60 1.90 -2.54368e-06
1.60 2.00 -2.54368e-06
1.60 2.10 -2.54368e-06
1.60 2.20 -2.54368e-06
1.60 2.30 -2.54368e-06
1.60 2.40 -2.54368e-06
1.70 0.20 -2.25322e-06
1.70 0.30 -2.25322e-06
1.70 0.40 -2.25322e-06
1.70 0.50 -2.25322e-06
1.70 0.60 -2.25322e-06
1.70 0.70 -2.25322e-06
1.70 0.80 -2.25322e-06
1.70 0.90 -2.25322e-06
1.70 1.00 -2.25322e-06
1.70 1.10 -2.25322e-06
1.70 1.20 -2.25322e-06
1.70 1.30 -2.25322e-06
1.70 1.40 -2.25322e-06
1.70 1.50 -2.25322e-06
1.70 1.60 -2.25322e-06
1.70 1.70 -2.25322e-06
1.70 1.80 -2.25322e-06
1.70 1.90 -2.25322e-06
1.70 2.00 -2.25322e-06
1.70 2.10 -2.25322e-06
1.70 2.20 -2.25322e-06
1.70 2.30 -2.25322e-06
1.70 2.40 -2.25322e-06
1.80 0.20 -2.00982e-06
1.80 0.30 -2.00982e-06
1.80 0.40 -2.00982e-06
1.80 0.50 -2.00982e-06
1.80 0.60 -2.00982e-06
1.80 0.70 -2.00982e-06
1.80 0.80 -2.00982e-06
1.80 0.90 -2.00982e-06
1.80 1.00 -2.00982e-06
1.80 1.10 -2.00982e-06
1.80 1.20 -2.00982e-06
1.80 1.30 -2.00982e-06
1.80 1.40 -2.00982e-06
1.80 1.50 -2.00982e-06
1.80 1.60 -2.00982e-06
1.80 1.70 -2.00982e-06
1.80 1.80 -2.00982e-06
1.80 1.90 -2.00982e-06
1.80 2.00 -2.00982e-06
1.80 2.10 -2.00982e-06
1.80 2.20 -2.00982e-06
1.80 2.30 -2.00982e-06
1.80 2.40 -2.00982e-06
1.90 0.20 -1.80383e-06
1.90 0.30 -1.80383e-06
1.90 0.40 -1.80383e-06
1.90 0.50 -1.80383e-06
1.90 0.60 -1.80383e-06
1.90 0.70 -1.80383e-06
1.90 0.80 -1.80383e-06
1.90 0.90 -1.80383e-06
1.90 1.00 -1.80383e-06
1.90 1.10 -1.80383e-06
1.90 1.20 -1.80383e-06
1.90 1.30 -1.80383e-06
1.90 1.40 -1.80383e-06
1.90 1.50 -1.80383e-06
1.90 1.60 -1.80383e-06
1.90 1.70 -1.80383e-06
1.90 1.80 -1.80383e-06
1.90 1.90 -1.80383e-06
1.90 2.00 -1.80383e-06
1.90 2.10 -1.80383e-06
1.90 2.20 -1.80383e-06
1.90 2.30 -1.80383e-06
1.90 2.40 -1.80383e-06
2.00 0.20 -1.62795e-06
2.00 0.30 -1.62795e-06
2.00 0.40 -1.62795e-06
2.00 0.50 -1.62795e-06
2.00 0.60 -1.62795e-06
2.00 0.70 -1.62795e-06
2.00 0.80 -1.62795e-06
2.00 0.90 -1.62795e-06
2.00 1.00 -1.62795e-06
2.00 1.10 -1.62795e-06
2.00 1.20 -1.62795e-06
2.00 1.30 -1.62795e-06
2.00 1.40 -1.62795e-06
2.00 1.50 -1.62795e-06
2.00 1.60 -1.62795e-06
2.00 1.70 -1.62795e-06
2.00 1.80 -1.62795e-06
2.00 1.90 -1.62795e-06
2.00 2.00 -1.62795e-06
2.00 2.10 -1.62795e-06
2.00 2.20 -1.62795e-06
2.00 2.30 -1.62795e-06
2.00 2.40 -1.62795e-06
2.10 0.20 -1.47660e-06
2.10 0.30 -1.47660e-06
2.10 0.40 -1.47660e-06
2.10 0.50 -1.47660e-06
2.10 0.60 -1.47660e-06
2.10 0.70 -1.47660e-06
2.10 0.80 -1.47660e-06
2.10 0.90 -1.47660e-06
2.10 1.00 -1.47660e-06
2.10 1.10 -1.47660e-06
2.10 1.20 -1.47660e-06
2.10 1.30 -1.47660e-06
2.10 1.40 -1.47660e-06
2.10 1.50 -1.47660e-06
2.10 1.60 -1.47660e-06
2.10 1.70 -1.47660e-06
2.10 1.80 -1.47660e-06
2.10 1.90 -1.47660e-06
2.10 2.00 -1.47660e-06
2.10 2.10 -1.47660e-06
2.10 2.20 -1.47660e-06
2.10 2.30 -1.47660e-06
2.10 2.40 -1.47660e-06
2.20 0.20 -1.34542e-06
2.20 0.30 -1.34542e-06
2.20 0.40 -1.34542e-06
2.20 0.50 -1.34542e-06
2.20 0.60 -1.34542e-06
2.20 0.70 -1.34542e-06
2.20 0.80 -1.34542e-06
2.20 0.90 -1.34542e-06
2.20 1.00 -1.34542e-06
2.20 1.10 -1.34542e-06
2.20 1.20 -1.34542e-06
2.20 1.30 -1.34542e-06
2.20 1.40 -1.34542e-06
2.20 1.50 -1.34542e-06
2.20 1.60 -1.34542e-06
2.20 1.70 -1.34542e-06
2.20 1.80 -1.34542e-06
2.20 1.90 -1.34542e-06
2.20 2.00 -1.34542e-06
2.20 2.10 -1.34542e-06
2.20 2.20 -1.34542e-06
2.20 2.30 -1.34542e-06
2.20 2.40 -1.34542e-06
2.30 0.20 -1.23097e-06
2.30 0.30 -1.23097e-06
2.30 0.40 -1.23097e-06
2.30 0.50 -1.23097e-06
2.30 0.60 -1.23097e-06
2.30 0.70 -1.23097e-06
2.30 0.80 -1.23097e-06
2.30 0.90 -1.23097e-06
2.30 1.00 -1.23097e-06
2.30 1.10 -1.23097e-06
2.30 1.20 -1.23097e-06
2.30 1.30 -1.23097e-06
2.30 1.40 -1.23097e-06
2.30 1.50 -1.23097e-06
2.30 1.60 -1.23097e-06
2.30 1.70 -1.23097e-06
2.30 1.80 -1.23097e-06
2.30 1.90 -1.23097e-06
2.30 2.00 -1.23097e-06
2.30 2.10 -1.23097e-06
2.30 2.20 -1.23097e-06
2.30 2.30 -1.23097e-06
2.30 2.40 -1.23097e-06
2.40 0.20 -1.13052e-06
2.40 0.30 -1.13052e-06
2.40 0.40 -1.13052e-06
2.40 0.50 -1.13052e-06
2.40 0.60 -1.13052e-06
2.40 0.70 -1.13052e-06
2.40 0.80 -1.13052e-06
2.40 0.90 -1.13052e-06
2.40 1.00 -1.13052e-06
2.40 1.10 -1.13052e-06
2.40 1.20 -1.13052e-06
2.40 1.30 -1.13052e-06
2.40 1.40 -1.13052e-06
2.40 1.50 -1.13052e-06
2.40 1.60 -1.13052e-06
2.40 1.70 -1.13052e-06
2.40 1.80 -1.13052e-06
2.40 1.90 -1.13052e-06
2.40 2.00 -1.13052e-06
2.40 2.10 -1.13052e-06
2.40 2.20 -1.13052e-06
2.40 2.30 -1.13052e-06
2.40 2.40 -1.13052e-06
