0.20 0.20 -2.44203e-06
0.20 0.30 -4.64917e-06
0.20 0.40 -6.37771e-06
0.20 0.50 -7.71128e-06
0.20 0.60 -8.74850e-06
0.20 0.70 -9.56685e-06
0.20 0.80 -1.02225e-05
0.20 0.90 -1.07555e-05
0.20 1.00 -1.11947e-05
0.20 1.10 -1.15609e-05
0.20 1.20 -1.18697e-05
0.20 1.30 -1.21326e-05
0.20 1.40 -1.23584e-05
0.20 1.50 -1.25538e-05
0.20 1.60 -1.27243e-05
0.20 1.70 -1.28739e-05
0.20 1.80 -1.30059e-05
0.20 1.90 -1.31231e-05
0.20 2.00 -1.32277e-05
0.20 2.10 -1.33214e-05
0.20 2.20 -1.34057e-05
0.20 2.30 -1.34820e-05
0.20 2.40 -1.35511e-05
0.30 0.20 -3.33273e-07
0.30 0.30 -1.08535e-06
0.30 0.40 -1.76364e-06
0.30 0.50 -2.34475e-06
0.30 0.60 -2.83454e-06
0.30 0.70 -3.24631e-06
0.30 0.80 -3.59361e-06
0.30 0.90 -3.88822e-06
0.30 1.00 -4.13979e-06
0.30 1.10 -4.35610e-06
0.30 1.20 -4.54333e-06
0.30 1.30 -4.70644e-06
0.30 1.40 -4.84940e-06
0.30 1.50 -4.97541e-06
0.30 1.60 -5.08707e-06
0.30 1.70 -5.18649e-06
0.30 1.80 -5.27543e-06
0.30 1.90 -5.35533e-06
0.30 2.00 -5.42739e-06
0.30 2.10 -5.49262e-06
0.30 2.20 -5.55187e-06
0.30 2.30 -5.60587e-06
0.30 2.40 -5.65523e-06
0.40 0.20 2.33383e-08
0.40 0.30 -2.95027e-07
0.40 0.40 -6.10507e-07
0.40 0.50 -9.01709e-07
0.40 0.60 -1.16229e-06
0.40 0.70 -1.39234e-06
0.40 0.80 -1.59443e-06
0.40 0.90 -1.77183e-06
0.40 1.00 -1.92782e-06
0.40 1.10 -2.06538e-06
0.40 1.20 -2.18712e-06
0.40 1.30 -2.29527e-06
0.40 1.40 -2.39171e-06
0.40 1.50 -2.47805e-06
0.40 1.60 -2.55562e-06
0.40 1.70 -2.62558e-06
0.40 1.80 -2.68888e-06
0.40 1.90 -2.74634e-06
0.40 2.00 -2.79867e-06
0.40 2.10 -2.84646e-06
0.40 2.20 -2.89023e-06
0.40 2.30 -2.93043e-06
0.40 2.40 -2.96743e-06
0.50 0.20 9.03504e-08
0.50 0.30 -6.52314e-08
0.50 0.40 -2.29991e-07
0.50 0.50 -3.90725e-07
0.50 0.60 -5.41340e-07
0.50 0.70 -6.79559e-07
0.50 0.80 -8.05032e-07
0.50 0.90 -9.18335e-07
0.50 1.00 -1.02043e-06
0.50 1.10 -1.11242e-06
0.50 1.20 -1.19539e-06
0.50 1.30 -1.27034e-06
0.50 1.40 -1.33819e-06
0.50 1.50 -1.39976e-06
0.50 1.60 -1.45577e-06
0.50 1.70 -1.50684e-06
0.50 1.80 -1.55352e-06
0.50 1.90 -1.59630e-06
0.50 2.00 -1.63560e-06
0.50 2.10 -1.67177e-06
0.50 2.20 -1.70515e-06
0.50 2.30 -1.73601e-06
0.50 2.40 -1.76461e-06
0.60 0.20 9.46299e-08
0.60 0.30 1.03726e-08
0.60 0.40 -8.33182e-08
0.60 0.50 -1.78674e-07
0.60 0.60 -2.71337e-07
0.60 0.70 -3.59075e-07
0.60 0.80 -4.40910e-07
0.60 0.90 -5.16574e-07
0.60 1.00 -5.86187e-07
0.60 1.10 -6.50070e-07
0.60 1.20 -7.08635e-07
0.60 1.30 -7.62325e-07
0.60 1.40 -8.11577e-07
0.60 1.50 -8.56809e-07
0.60 1.60 -8.98403e-07
0.60 1.70 -9.36713e-07
0.60 1.80 -9.72055e-07
0.60 1.90 -1.00472e-06
0.60 2.00 -1.03495e-06
0.60 2.10 -1.06298e-06
0.60 2.20 -1.08902e-06
0.60 2.30 -1.11325e-06
0.60 2.40 -1.13583e-06
0.70 0.20 8.47448e-08
0.70 0.30 3.54479e-08
0.70 0.40 -2.14342e-08
0.70 0.50 -8.12826e-08
0.70 0.60 -1.41169e-07
0.70 0.70 -1.99349e-07
0.70 0.80 -2.54857e-07
0.70 0.90 -3.07217e-07
0.70 1.00 -3.56254e-07
0.70 1.10 -4.01976e-07
0.70 1.20 -4.44495e-07
0.70 1.30 -4.83981e-07
0.70 1.40 -5.20630e-07
0.70 1.50 -5.54647e-07
0.70 1.60 -5.86237e-07
0.70 1.70 -6.15593e-07
0.70 1.80 -6.42901e-07
0.70 1.90 -6.68329e-07
0.70 2.00 -6.92035e-07
0.70 2.10 -7.14163e-07
0.70 2.20 -7.34844e-07
0.70 2.30 -7.54196e-07
0.70 2.40 -7.72328e-07
0.80 0.20 7.28472e-08
0.80 0.30 4.22131e-08
0.80 0.40 5.83459e-09
0.80 0.50 -3.34720e-08
0.80 0.60 -7.37568e-08
0.80 0.70 -1.13742e-07
0.80 0.80 -1.52627e-07
0.80 0.90 -1.89940e-07
0.80 1.00 -2.25427e-07
0.80 1.10 -2.58978e-07
0.80 1.20 -2.90573e-07
0.80 1.30 -3.20251e-07
0.80 1.40 -3.48086e-07
0.80 1.50 -3.74171e-07
0.80 1.60 -3.98607e-07
0.80 1.70 -4.21501e-07
0.80 1.80 -4.42957e-07
0.80 1.90 -4.63076e-07
0.80 2.00 -4.81955e-07
0.80 2.10 -4.99683e-07
0.80 2.20 -5.16346e-07
0.80 2.30 -5.32021e-07
0.80 2.40 -5.46781e-07
0.90 0.20 6.20365e-08
0.90 0.30 4.20578e-08
0.90 0.40 1.77856e-08
0.90 0.50 -9.01327e-09
0.90 0.60 -3.70303e-08
0.90 0.70 -6.53453e-08
0.90 0.80 -9.33353e-08
0.90 0.90 -1.20594e-07
0.90 1.00 -1.46869e-07
0.90 1.10 -1.72015e-07
0.90 1.20 -1.95960e-07
0.90 1.30 -2.18683e-07
0.90 1.40 -2.40195e-07
0.90 1.50 -2.60528e-07
0.90 1.60 -2.79728e-07
0.90 1.70 -2.97849e-07
0.90 1.80 -3.14949e-07
0.90 1.90 -3.31086e-07
0.90 2.00 -3.46317e-07
0.90 2.10 -3.60701e-07
0.90 2.20 -3.74291e-07
0.90 2.30 -3.87138e-07
0.90 2.40 -3.99290e-07
1.00 0.20 5.29173e-08
1.00 0.30 3.93618e-08
1.00 0.40 2.25876e-08
1.00 0.50 3.73414e-09
1.00 0.60 -1.63078e-08
1.00 0.70 -3.68767e-08
1.00 0.80 -5.74978e-08
1.00 0.90 -7.78404e-08
1.00 1.00 -9.76812e-08
1.00 1.10 -1.16875e-07
1.00 1.20 -1.35335e-07
1.00 1.30 -1.53013e-07
1.00 1.40 -1.69890e-07
1.00 1.50 -1.85967e-07
1.00 1.60 -2.01258e-07
1.00 1.70 -2.15787e-07
1.00 1.80 -2.29584e-07
1.00 1.90 -2.42679e-07
1.00 2.00 -2.55109e-07
1.00 2.10 -2.66906e-07
1.00 2.20 -2.78106e-07
1.00 2.30 -2.88742e-07
1.00 2.40 -2.98847e-07
1.10 0.20 4.53996e-08
1.10 0.30 3.58939e-08
1.10 0.40 2.39525e-08
1.10 0.50 1.03298e-08
1.10 0.60 -4.35798e-09
1.10 0.70 -1.96322e-08
1.10 0.80 -3.51336e-08
1.10 0.90 -5.05992e-08
1.10 1.00 -6.58409e-08
1.10 1.10 -8.07282e-08
1.10 1.20 -9.51734e-08
1.10 1.30 -1.09121e-07
1.10 1.40 -1.22538e-07
1.10 1.50 -1.35410e-07
1.10 1.60 -1.47733e-07
1.10 1.70 -1.59515e-07
1.10 1.80 -1.70767e-07
1.10 1.90 -1.81505e-07
1.10 2.00 -1.91749e-07
1.10 2.10 -2.01518e-07
1.10 2.20 -2.10833e-07
1.10 2.30 -2.19718e-07
1.10 2.40 -2.28192e-07
1.20 0.20 3.92311e-08
1.20 0.30 3.23765e-08
1.20 0.40 2.36575e-08
1.20 0.50 1.35851e-08
1.20 0.60 2.59315e-09
1.20 0.70 -8.96917e-09
1.20 0.80 -2.08295e-08
1.20 0.90 -3.27808e-08
1.20 1.00 -4.46685e-08
1.20 1.10 -5.63797e-08
1.20 1.20 -6.78342e-08
1.20 1.30 -7.89761e-08
1.20 1.40 -8.97688e-08
1.20 1.50 -1.00190e-07
1.20 1.60 -1.10228e-07
1.20 1.70 -1.19878e-07
1.20 1.80 -1.29144e-07
1.20 1.90 -1.38030e-07
1.20 2.00 -1.46547e-07
1.20 2.10 -1.54705e-07
1.20 2.20 -1.62517e-07
1.20 2.30 -1.69997e-07
1.20 2.40 -1.77159e-07
1.30 0.20 3.41553e-08
1.30 0.30 2.90928e-08
1.30 0.40 2.25857e-08
1.30 0.50 1.49877e-08
1.30 0.60 6.60907e-09
1.30 0.70 -2.29257e-09
1.30 0.80 -1.15099e-08
1.30 0.90 -2.08802e-08
1.30 1.00 -3.02779e-08
1.30 1.10 -3.96077e-08
1.30 1.20 -4.87988e-08
1.30 1.30 -5.77995e-08
1.30 1.40 -6.65732e-08
1.30 1.50 -7.50949e-08
1.30 1.60 -8.33485e-08
1.30 1.70 -9.13252e-08
1.30 1.80 -9.90211e-08
1.30 1.90 -1.06436e-07
1.30 2.00 -1.13574e-07
1.30 2.10 -1.20439e-07
1.30 2.20 -1.27039e-07
1.30 2.30 -1.33382e-07
1.30 2.40 -1.39475e-07
1.40 0.20 2.99535e-08
1.40 0.30 2.61363e-08
1.40 0.40 2.11862e-08
1.40 0.50 1.53531e-08
1.40 0.60 8.86197e-09
1.40 0.70 1.90517e-09
1.40 0.80 -5.35855e-09
1.40 0.90 -1.28010e-08
1.40 1.00 -2.03207e-08
1.40 1.10 -2.78381e-08
1.40 1.20 -3.52922e-08
1.40 1.30 -4.26367e-08
1.40 1.40 -4.98373e-08
1.40 1.50 -5.68690e-08
1.40 1.60 -6.37144e-08
1.40 1.70 -7.03618e-08
1.40 1.80 -7.68042e-08
1.40 1.90 -8.30384e-08
1.40 2.00 -8.90635e-08
1.40 2.10 -9.48810e-08
1.40 2.20 -1.00494e-07
1.40 2.30 -1.05906e-07
1.40 2.40 -1.11124e-07
1.50 0.20 2.64496e-08
1.50 0.30 2.35188e-08
1.50 0.40 1.96893e-08
1.50 0.50 1.51408e-08
1.50 0.60 1.00389e-08
1.50 0.70 4.52871e-09
1.50 0.80 -1.26732e-09
1.50 0.90 -7.24793e-09
1.50 1.00 -1.33309e-08
1.50 1.10 -1.94505e-08
1.50 1.20 -2.55546e-08
1.50 1.30 -3.16027e-08
1.50 1.40 -3.75637e-08
1.50 1.50 -4.34139e-08
1.50 1.60 -4.91358e-08
1.50 1.70 -5.47170e-08
1.50 1.80 -6.01489e-08
1.50 1.90 -6.54261e-08
1.50 2.00 -7.05457e-08
1.50 2.10 -7.55066e-08
1.50 2.20 -8.03093e-08
1.50 2.30 -8.49556e-08
1.50 2.40 -8.94480e-08
1.60 0.20 2.35052e-08
1.60 0.30 2.12188e-08
1.60 0.40 1.82118e-08
1.60 0.50 1.46154e-08
1.60 0.60 1.05533e-08
1.60 0.70 6.13592e-09
1.60 0.80 1.45865e-09
1.60 0.90 -3.39819e-09
1.60 1.00 -8.36799e-09
1.60 1.10 -1.33963e-08
1.60 1.20 -1.84392e-08
1.60 1.30 -2.34615e-08
1.60 1.40 -2.84354e-08
1.60 1.50 -3.33394e-08
1.60 1.60 -3.81567e-08
1.60 1.70 -4.28750e-08
1.60 1.80 -4.74850e-08
1.60 1.90 -5.19804e-08
1.60 2.00 -5.63568e-08
1.60 2.10 -6.06119e-08
1.60 2.20 -6.47445e-08
1.60 2.30 -6.87546e-08
1.60 2.40 -7.26432e-08
1.70 0.20 2.10122e-08
1.70 0.30 1.92030e-08
1.70 0.40 1.68102e-08
1.70 0.50 1.39310e-08
1.70 0.60 1.06589e-08
1.70 0.70 7.07888e-09
1.70 0.80 3.26569e-09
1.70 0.90 -7.16557e-10
1.70 1.00 -4.81373e-09
1.70 1.10 -8.98080e-09
1.70 1.20 -1.31807e-08
1.70 1.30 -1.73831e-08
1.70 1.40 -2.15637e-08
1.70 1.50 -2.57031e-08
1.70 1.60 -2.97857e-08
1.70 1.70 -3.37997e-08
1.70 1.80 -3.77360e-08
1.70 1.90 -4.15876e-08
1.70 2.00 -4.53497e-08
1.70 2.10 -4.90191e-08
1.70 2.20 -5.25935e-08
1.70 2.30 -5.60719e-08
1.70 2.40 -5.94542e-08
1.80 0.20 1.88859e-08
1.80 0.30 1.74361e-08
1.80 0.40 1.55091e-08
1.80 0.50 1.31781e-08
1.80 0.60 1.05144e-08
1.80 0.70 7.58419e-09
1.80 0.80 4.44639e-09
1.80 0.90 1.15251e-09
1.80 1.00 -2.25332e-09
1.80 1.10 -5.73376e-09
1.80 1.20 -9.25757e-09
1.80 1.30 -1.27989e-08
1.80 1.40 -1.63363e-08
1.80 1.50 -1.98526e-08
1.80 1.60 -2.33338e-08
1.80 1.70 -2.67687e-08
1.80 1.80 -3.01485e-08
1.80 1.90 -3.34664e-08
1.80 2.00 -3.67173e-08
1.80 2.10 -3.98972e-08
1.80 2.20 -4.30037e-08
1.80 2.30 -4.60350e-08
1.80 2.40 -4.89901e-08
1.90 0.20 1.70597e-08
1.90 0.30 1.58846e-08
1.90 0.40 1.43160e-08
1.90 0.50 1.24095e-08
1.90 0.60 1.02203e-08
1.90 0.70 7.80012e-09
1.90 0.80 5.19602e-09
1.90 0.90 2.44953e-09
1.90 1.00 -4.03212e-10
1.90 1.10 -3.33119e-09
1.90 1.20 -6.30808e-09
1.90 1.30 -9.31171e-09
1.90 1.40 -1.23236e-08
1.90 1.50 -1.53284e-08
1.90 1.60 -1.83136e-08
1.90 1.70 -2.12689e-08
1.90 1.80 -2.41861e-08
1.90 1.90 -2.70585e-08
1.90 2.00 -2.98811e-08
1.90 2.10 -3.26498e-08
1.90 2.20 -3.53617e-08
1.90 2.30 -3.80148e-08
1.90 2.40 -4.06074e-08
2.00 0.20 1.54810e-08
2.00 0.30 1.45187e-08
2.00 0.40 1.32293e-08
2.00 0.50 1.16555e-08
2.00 0.60 9.84046e-09
2.00 0.70 7.82503e-09
2.00 0.80 5.64690e-09
2.00 0.90 3.33983e-09
2.00 1.00 9.33534e-10
2.00 1.10 -1.54614e-09
2.00 1.20 -4.07696e-09
2.00 1.30 -6.63999e-09
2.00 1.40 -9.21918e-09
2.00 1.50 -1.18011e-08
2.00 1.60 -1.43745e-08
2.00 1.70 -1.69300e-08
2.00 1.80 -1.94601e-08
2.00 1.90 -2.19585e-08
2.00 2.00 -2.44203e-08
2.00 2.10 -2.68414e-08
2.00 2.20 -2.92188e-08
2.00 2.30 -3.15502e-08
2.00 2.40 -3.38338e-08
2.10 0.20 1.41081e-08
2.10 0.30 1.33127e-08
2.10 0.40 1.22432e-08
2.10 0.50 1.09331e-08
2.10 0.60 9.41608e-09
2.10 0.70 7.72489e-09
2.10 0.80 5.88990e-09
2.10 0.90 3.93865e-09
2.10 1.00 1.89573e-09
2.10 1.10 -2.17283e-10
2.10 1.20 -2.38158e-09
2.10 1.30 -4.58094e-09
2.10 1.40 -6.80148e-09
2.10 1.50 -9.03140e-09
2.10 1.60 -1.12607e-08
2.10 1.70 -1.34811e-08
2.10 1.80 -1.56854e-08
2.10 1.90 -1.78680e-08
2.10 2.00 -2.00242e-08
2.10 2.10 -2.21499e-08
2.10 2.20 -2.42423e-08
2.10 2.30 -2.62988e-08
2.10 2.40 -2.83175e-08
2.20 0.20 1.29072e-08
2.20 0.30 1.22441e-08
2.20 0.40 1.13499e-08
2.20 0.50 1.02507e-08
2.20 0.60 8.97346e-09
2.20 0.70 7.54437e-09
2.20 0.80 5.98813e-09
2.20 0.90 4.32735e-09
2.20 1.00 2.58244e-09
2.20 1.10 7.71516e-10
2.20 1.20 -1.08949e-09
2.20 1.30 -2.98669e-09
2.20 1.40 -4.90806e-09
2.20 1.50 -6.84324e-09
2.20 1.60 -8.78341e-09
2.20 1.70 -1.07210e-08
2.20 1.80 -1.26498e-08
2.20 1.90 -1.45643e-08
2.20 2.00 -1.64602e-08
2.20 2.10 -1.83338e-08
2.20 2.20 -2.01821e-08
2.20 2.30 -2.20026e-08
2.20 2.40 -2.37934e-08
2.30 0.20 1.18513e-08
2.30 0.30 1.12942e-08
2.30 0.40 1.05409e-08
2.30 0.50 9.61207e-09
2.30 0.60 8.52932e-09
2.30 0.70 7.31387e-09
2.30 0.80 5.98586e-09
2.30 0.90 4.56398e-09
2.30 1.00 3.06524e-09
2.30 1.10 1.50487e-09
2.30 1.20 -1.03556e-10
2.30 1.30 -1.74813e-09
2.30 1.40 -3.41843e-09
2.30 1.50 -5.10540e-09
2.30 1.60 -6.80122e-09
2.30 1.70 -8.49918e-09
2.30 1.80 -1.01935e-08
2.30 1.90 -1.18794e-08
2.30 2.00 -1.35527e-08
2.30 2.10 -1.52099e-08
2.30 2.20 -1.68482e-08
2.30 2.30 -1.84653e-08
2.30 2.40 -2.00590e-08
2.40 0.20 1.09182e-08
2.40 0.30 1.04468e-08
2.40 0.40 9.80778e-09
2.40 0.50 9.01778e-09
2.40 0.60 8.09413e-09
2.40 0.70 7.05413e-09
2.40 0.80 5.91437e-09
2.40 0.90 4.69034e-09
2.40 1.00 3.39629e-09
2.40 1.10 2.04509e-09
2.40 1.20 6.48288e-10
2.40 1.30 -7.83853e-10
2.40 1.40 -2.24229e-09
2.40 1.50 -3.71911e-09
2.40 1.60 -5.20739e-09
2.40 1.70 -6.70114e-09
2.40 1.80 -8.19520e-09
2.40 1.90 -9.68512e-09
2.40 2.00 -1.11671e-08
2.40 2.10 -1.26380e-08
2.40 2.20 -1.40949e-08
2.40 2.30 -1.55358e-08
2.40 2.40 -1.69585e-08
