0.30 0.30 -1.28527e-03
0.30 0.40 -1.33922e-03
0.30 0.50 -1.38545e-03
0.30 0.60 -1.42441e-03
0.30 0.70 -1.45717e-03
0.30 0.80 -1.48479e-03
0.30 0.90 -1.50823e-03
0.30 1.00 -1.52824e-03
0.30 1.10 -1.54545e-03
0.30 1.20 -1.56034e-03
0.30 1.30 -1.57332e-03
0.30 1.40 -1.58469e-03
0.30 1.50 -1.59471e-03
0.30 1.60 -1.60359e-03
0.30 1.70 -1.61150e-03
0.30 1.80 -1.61858e-03
0.30 1.90 -1.62493e-03
0.30 2.00 -1.63066e-03
0.30 2.10 -1.63585e-03
0.30 2.20 -1.64057e-03
0.30 2.30 -1.64486e-03
0.30 2.40 -1.64879e-03
0.30 2.50 -1.65239e-03
0.30 2.60 -1.65570e-03
0.30 2.70 -1.65875e-03
0.40 0.30 -6.97867e-04
0.40 0.40 -7.22963e-04
0.40 0.50 -7.46127e-04
0.40 0.60 -7.66856e-04
0.40 0.70 -7.85156e-04
0.40 0.80 -8.01231e-04
0.40 0.90 -8.15343e-04
0.40 1.00 -8.27751e-04
0.40 1.10 -8.38694e-04
0.40 1.20 -8.48378e-04
0.40 1.30 -8.56981e-04
0.40 1.40 -8.64653e-04
0.40 1.50 -8.71521e-04
0.40 1.60 -8.77691e-04
0.40 1.70 -8.83256e-04
0.40 1.80 -8.88291e-04
0.40 1.90 -8.92862e-04
0.40 2.00 -8.97025e-04
0.40 2.10 -9.00827e-04
0.40 2.20 -9.04309e-04
0.40 2.30 -9.07506e-04
0.40 2.40 -9.10449e-04
0.40 2.50 -9.13165e-04
0.40 2.60 -9.15677e-04
0.40 2.70 -9.18005e-04
0.50 0.30 -4.36804e-04
0.50 0.40 -4.49910e-04
0.50 0.50 -4.62696e-04
0.50 0.60 -4.74677e-04
0.50 0.70 -4.85672e-04
0.50 0.80 -4.95653e-04
0.50 0.90 -5.04666e-04
0.50 1.00 -5.12788e-04
0.50 1.10 -5.20105e-04
0.50 1.20 -5.26705e-04
0.50 1.30 -5.32667e-04
0.50 1.40 -5.38064e-04
0.50 1.50 -5.42962e-04
0.50 1.60 -5.47417e-04
0.50 1.70 -5.51480e-04
0.50 1.80 -5.55194e-04
0.50 1.90 -5.58597e-04
0.50 2.00 -5.61722e-04
0.50 2.10 -5.64600e-04
0.50 2.20 -5.67255e-04
0.50 2.30 -5.69710e-04
0.50 2.40 -5.71985e-04
0.50 2.50 -5.74096e-04
0.50 2.60 -5.76060e-04
0.50 2.70 -5.77889e-04
0.60 0.30 -2.98908e-04
0.60 0.40 -3.06361e-04
0.60 0.50 -3.13946e-04
0.60 0.60 -3.21317e-04
0.60 0.70 -3.28296e-04
0.60 0.80 -3.34806e-04
0.60 0.90 -3.40825e-04
0.60 1.00 -3.46362e-04
0.60 1.10 -3.51444e-04
0.60 1.20 -3.56103e-04
0.60 1.30 -3.60374e-04
0.60 1.40 -3.64291e-04
0.60 1.50 -3.67890e-04
0.60 1.60 -3.71198e-04
0.60 1.70 -3.74246e-04
0.60 1.80 -3.77057e-04
0.60 1.90 -3.79655e-04
0.60 2.00 -3.82060e-04
0.60 2.10 -3.84290e-04
0.60 2.20 -3.86362e-04
0.60 2.30 -3.88289e-04
0.60 2.40 -3.90085e-04
0.60 2.50 -3.91762e-04
0.60 2.60 -3.93329e-04
0.60 2.70 -3.94796e-04
0.70 0.30 -2.17392e-04
0.70 0.40 -2.21917e-04
0.70 0.50 -2.26678e-04
0.70 0.60 -2.31441e-04
0.70 0.70 -2.36070e-04
0.70 0.80 -2.40485e-04
0.70 0.90 -2.44650e-04
0.70 1.00 -2.48551e-04
0.70 1.10 -2.52188e-04
0.70 1.20 -2.55570e-04
0.70 1.30 -2.58711e-04
0.70 1.40 -2.61626e-04
0.70 1.50 -2.64332e-04
0.70 1.60 -2.66845e-04
0.70 1.70 -2.69181e-04
0.70 1.80 -2.71353e-04
0.70 1.90 -2.73376e-04
0.70 2.00 -2.75261e-04
0.70 2.10 -2.77022e-04
0.70 2.20 -2.78667e-04
0.70 2.30 -2.80206e-04
0.70 2.40 -2.81648e-04
0.70 2.50 -2.83001e-04
0.70 2.60 -2.84272e-04
0.70 2.70 -2.85468e-04
0.80 0.30 -1.65242e-04
0.80 0.40 -1.68136e-04
0.80 0.50 -1.71262e-04
0.80 0.60 -1.74467e-04
0.80 0.70 -1.77648e-04
0.80 0.80 -1.80741e-04
0.80 0.90 -1.83709e-04
0.80 1.00 -1.86532e-04
0.80 1.10 -1.89201e-04
0.80 1.20 -1.91714e-04
0.80 1.30 -1.94075e-04
0.80 1.40 -1.96289e-04
0.80 1.50 -1.98364e-04
0.80 1.60 -2.00308e-04
0.80 1.70 -2.02129e-04
0.80 1.80 -2.03836e-04
0.80 1.90 -2.05436e-04
0.80 2.00 -2.06938e-04
0.80 2.10 -2.08348e-04
0.80 2.20 -2.09674e-04
0.80 2.30 -2.10920e-04
0.80 2.40 -2.12095e-04
0.80 2.50 -2.13201e-04
0.80 2.60 -2.14245e-04
0.80 2.70 -2.15231e-04
0.90 0.30 -1.29869e-04
0.90 0.40 -1.31800e-04
0.90 0.50 -1.33932e-04
0.90 0.60 -1.36160e-04
0.90 0.70 -1.38413e-04
0.90 0.80 -1.40639e-04
0.90 0.90 -1.42808e-04
0.90 1.00 -1.44898e-04
0.90 1.10 -1.46898e-04
0.90 1.20 -1.48803e-04
0.90 1.30 -1.50610e-04
0.90 1.40 -1.52321e-04
0.90 1.50 -1.53939e-04
0.90 1.60 -1.55466e-04
0.90 1.70 -1.56908e-04
0.90 1.80 -1.58268e-04
0.90 1.90 -1.59551e-04
0.90 2.00 -1.60763e-04
0.90 2.10 -1.61907e-04
0.90 2.20 -1.62988e-04
0.90 2.30 -1.64010e-04
0.90 2.40 -1.64977e-04
0.90 2.50 -1.65892e-04
0.90 2.60 -1.66759e-04
0.90 2.70 -1.67581e-04
1.00 0.30 -1.04773e-04
1.00 0.40 -1.06107e-04
1.00 0.50 -1.07607e-04
1.00 0.60 -1.09201e-04
1.00 0.70 -1.10837e-04
1.00 0.80 -1.12478e-04
1.00 0.90 -1.14096e-04
1.00 1.00 -1.15674e-04
1.00 1.10 -1.17201e-04
1.00 1.20 -1.18669e-04
1.00 1.30 -1.20076e-04
1.00 1.40 -1.21418e-04
1.00 1.50 -1.22697e-04
1.00 1.60 -1.23913e-04
1.00 1.70 -1.25069e-04
1.00 1.80 -1.26167e-04
1.00 1.90 -1.27208e-04
1.00 2.00 -1.28197e-04
1.00 2.10 -1.29135e-04
1.00 2.20 -1.30026e-04
1.00 2.30 -1.30872e-04
1.00 2.40 -1.31676e-04
1.00 2.50 -1.32440e-04
1.00 2.60 -1.33167e-04
1.00 2.70 -1.33858e-04
1.10 0.30 -8.63215e-05
1.10 0.40 -8.72714e-05
1.10 0.50 -8.83550e-05
1.10 0.60 -8.95234e-05
1.10 0.70 -9.07384e-05
1.10 0.80 -9.19715e-05
1.10 0.90 -9.32017e-05
1.10 1.00 -9.44142e-05
1.10 1.10 -9.55984e-05
1.10 1.20 -9.67475e-05
1.10 1.30 -9.78569e-05
1.10 1.40 -9.89242e-05
1.10 1.50 -9.99482e-05
1.10 1.60 -1.00928e-04
1.10 1.70 -1.01866e-04
1.10 1.80 -1.02761e-04
1.10 1.90 -1.03615e-04
1.10 2.00 -1.04430e-04
1.10 2.10 -1.05207e-04
1.10 2.20 -1.05948e-04
1.10 2.30 -1.06655e-04
1.10 2.40 -1.07329e-04
1.10 2.50 -1.07972e-04
1.10 2.60 -1.08586e-04
1.10 2.70 -1.09172e-04
1.20 0.30 -7.23578e-05
1.20 0.40 -7.30513e-05
1.20 0.50 -7.38526e-05
1.20 0.60 -7.47269e-05
1.20 0.70 -7.56467e-05
1.20 0.80 -7.65901e-05
1.20 0.90 -7.75408e-05
1.20 1.00 -7.84865e-05
1.20 1.10 -7.94181e-05
1.20 1.20 -8.03292e-05
1.20 1.30 -8.12155e-05
1.20 1.40 -8.20741e-05
1.20 1.50 -8.29030e-05
1.20 1.60 -8.37015e-05
1.20 1.70 -8.44692e-05
1.20 1.80 -8.52062e-05
1.20 1.90 -8.59131e-05
1.20 2.00 -8.65906e-05
1.20 2.10 -8.72395e-05
1.20 2.20 -8.78610e-05
1.20 2.30 -8.84560e-05
1.20 2.40 -8.90257e-05
1.20 2.50 -8.95711e-05
1.20 2.60 -9.00934e-05
1.20 2.70 -9.05936e-05
1.30 0.30 -6.15342e-05
1.30 0.40 -6.20518e-05
1.30 0.50 -6.26562e-05
1.30 0.60 -6.33227e-05
1.30 0.70 -6.40308e-05
1.30 0.80 -6.47640e-05
1.30 0.90 -6.55094e-05
1.30 1.00 -6.62569e-05
1.30 1.10 -6.69991e-05
1.30 1.20 -6.77302e-05
1.30 1.30 -6.84462e-05
1.30 1.40 -6.91441e-05
1.30 1.50 -6.98220e-05
1.30 1.60 -7.04786e-05
1.30 1.70 -7.11131e-05
1.30 1.80 -7.17253e-05
1.30 1.90 -7.23151e-05
1.30 2.00 -7.28829e-05
1.30 2.10 -7.34290e-05
1.30 2.20 -7.39540e-05
1.30 2.30 -7.44585e-05
1.30 2.40 -7.49433e-05
1.30 2.50 -7.54089e-05
1.30 2.60 -7.58562e-05
1.30 2.70 -7.62859e-05
1.40 0.30 -5.29739e-05
1.40 0.40 -5.33677e-05
1.40 0.50 -5.38317e-05
1.40 0.60 -5.43480e-05
1.40 0.70 -5.49014e-05
1.40 0.80 -5.54792e-05
1.40 0.90 -5.60713e-05
1.40 1.00 -5.66694e-05
1.40 1.10 -5.72674e-05
1.40 1.20 -5.78604e-05
1.40 1.30 -5.84446e-05
1.40 1.40 -5.90174e-05
1.40 1.50 -5.95767e-05
1.40 1.60 -6.01213e-05
1.40 1.70 -6.06500e-05
1.40 1.80 -6.11625e-05
1.40 1.90 -6.16584e-05
1.40 2.00 -6.21377e-05
1.40 2.10 -6.26005e-05
1.40 2.20 -6.30470e-05
1.40 2.30 -6.34775e-05
1.40 2.40 -6.38925e-05
1.40 2.50 -6.42925e-05
1.40 2.60 -6.46778e-05
1.40 2.70 -6.50490e-05
1.50 0.30 -4.60864e-05
1.50 0.40 -4.63910e-05
1.50 0.50 -4.67528e-05
1.50 0.60 -4.71587e-05
1.50 0.70 -4.75970e-05
1.50 0.80 -4.80581e-05
1.50 0.90 -4.85338e-05
1.50 1.00 -4.90177e-05
1.50 1.10 -4.95045e-05
1.50 1.20 -4.99900e-05
1.50 1.30 -5.04712e-05
1.50 1.40 -5.09453e-05
1.50 1.50 -5.14107e-05
1.50 1.60 -5.18659e-05
1.50 1.70 -5.23098e-05
1.50 1.80 -5.27419e-05
1.50 1.90 -5.31617e-05
1.50 2.00 -5.35690e-05
1.50 2.10 -5.39636e-05
1.50 2.20 -5.43456e-05
1.50 2.30 -5.47152e-05
1.50 2.40 -5.50726e-05
1.50 2.50 -5.54180e-05
1.50 2.60 -5.57517e-05
1.50 2.70 -5.60740e-05
1.60 0.30 -4.04620e-05
1.60 0.40 -4.07012e-05
1.60 0.50 -4.09873e-05
1.60 0.60 -4.13104e-05
1.60 0.70 -4.16618e-05
1.60 0.80 -4.20339e-05
1.60 0.90 -4.24202e-05
1.60 1.00 -4.28156e-05
1.60 1.10 -4.32156e-05
1.60 1.20 -4.36167e-05
1.60 1.30 -4.40162e-05
1.60 1.40 -4.44119e-05
1.60 1.50 -4.48020e-05
1.60 1.60 -4.51852e-05
1.60 1.70 -4.55605e-05
1.60 1.80 -4.59272e-05
1.60 1.90 -4.62848e-05
1.60 2.00 -4.66330e-05
1.60 2.10 -4.69714e-05
1.60 2.20 -4.73002e-05
1.60 2.30 -4.76192e-05
1.60 2.40 -4.79285e-05
1.60 2.50 -4.82283e-05
1.60 2.60 -4.85187e-05
1.60 2.70 -4.87999e-05
1.70 0.30 -3.58094e-05
1.70 0.40 -3.59998e-05
1.70 0.50 -3.62288e-05
1.70 0.60 -3.64891e-05
1.70 0.70 -3.67739e-05
1.70 0.80 -3.70772e-05
1.70 0.90 -3.73940e-05
1.70 1.00 -3.77199e-05
1.70 1.10 -3.80514e-05
1.70 1.20 -3.83854e-05
1.70 1.30 -3.87197e-05
1.70 1.40 -3.90523e-05
1.70 1.50 -3.93816e-05
1.70 1.60 -3.97063e-05
1.70 1.70 -4.00256e-05
1.70 1.80 -4.03387e-05
1.70 1.90 -4.06451e-05
1.70 2.00 -4.09444e-05
1.70 2.10 -4.12363e-05
1.70 2.20 -4.15206e-05
1.70 2.30 -4.17973e-05
1.70 2.40 -4.20664e-05
1.70 2.50 -4.23278e-05
1.70 2.60 -4.25817e-05
1.70 2.70 -4.28282e-05
1.80 0.30 -3.19167e-05
1.80 0.40 -3.20699e-05
1.80 0.50 -3.22554e-05
1.80 0.60 -3.24673e-05
1.80 0.70 -3.27003e-05
1.80 0.80 -3.29500e-05
1.80 0.90 -3.32120e-05
1.80 1.00 -3.34829e-05
1.80 1.10 -3.37598e-05
1.80 1.20 -3.40401e-05
1.80 1.30 -3.43218e-05
1.80 1.40 -3.46032e-05
1.80 1.50 -3.48829e-05
1.80 1.60 -3.51598e-05
1.80 1.70 -3.54330e-05
1.80 1.80 -3.57019e-05
1.80 1.90 -3.59658e-05
1.80 2.00 -3.62244e-05
1.80 2.10 -3.64774e-05
1.80 2.20 -3.67245e-05
1.80 2.30 -3.69656e-05
1.80 2.40 -3.72007e-05
1.80 2.50 -3.74296e-05
1.80 2.60 -3.76525e-05
1.80 2.70 -3.78694e-05
1.90 0.30 -2.86267e-05
1.90 0.40 -2.87515e-05
1.90 0.50 -2.89031e-05
1.90 0.60 -2.90773e-05
1.90 0.70 -2.92698e-05
1.90 0.80 -2.94769e-05
1.90 0.90 -2.96954e-05
1.90 1.00 -2.99223e-05
1.90 1.10 -3.01552e-05
1.90 1.20 -3.03920e-05
1.90 1.30 -3.06310e-05
1.90 1.40 -3.08706e-05
1.90 1.50 -3.11096e-05
1.90 1.60 -3.13470e-05
1.90 1.70 -3.15821e-05
1.90 1.80 -3.18142e-05
1.90 1.90 -3.20427e-05
1.90 2.00 -3.22672e-05
1.90 2.10 -3.24875e-05
1.90 2.20 -3.27032e-05
1.90 2.30 -3.29142e-05
1.90 2.40 -3.31205e-05
1.90 2.50 -3.33218e-05
1.90 2.60 -3.35183e-05
1.90 2.70 -3.37099e-05
2.00 0.30 -2.58210e-05
2.00 0.40 -2.59236e-05
2.00 0.50 -2.60488e-05
2.00 0.60 -2.61932e-05
2.00 0.70 -2.63535e-05
2.00 0.80 -2.65268e-05
2.00 0.90 -2.67103e-05
2.00 1.00 -2.69017e-05
2.00 1.10 -2.70989e-05
2.00 1.20 -2.73003e-05
2.00 1.30 -2.75041e-05
2.00 1.40 -2.77093e-05
2.00 1.50 -2.79147e-05
2.00 1.60 -2.81194e-05
2.00 1.70 -2.83227e-05
2.00 1.80 -2.85240e-05
2.00 1.90 -2.87227e-05
2.00 2.00 -2.89185e-05
2.00 2.10 -2.91111e-05
2.00 2.20 -2.93002e-05
2.00 2.30 -2.94857e-05
2.00 2.40 -2.96673e-05
2.00 2.50 -2.98451e-05
2.00 2.60 -3.00189e-05
2.00 2.70 -3.01887e-05
2.10 0.30 -2.34090e-05
2.10 0.40 -2.34941e-05
2.10 0.50 -2.35983e-05
2.10 0.60 -2.37190e-05
2.10 0.70 -2.38535e-05
2.10 0.80 -2.39995e-05
2.10 0.90 -2.41547e-05
2.10 1.00 -2.43172e-05
2.10 1.10 -2.44853e-05
2.10 1.20 -2.46574e-05
2.10 1.30 -2.48324e-05
2.10 1.40 -2.50090e-05
2.10 1.50 -2.51864e-05
2.10 1.60 -2.53637e-05
2.10 1.70 -2.55404e-05
2.10 1.80 -2.57157e-05
2.10 1.90 -2.58893e-05
2.10 2.00 -2.60609e-05
2.10 2.10 -2.62300e-05
2.10 2.20 -2.63964e-05
2.10 2.30 -2.65600e-05
2.10 2.40 -2.67206e-05
2.10 2.50 -2.68780e-05
2.10 2.60 -2.70323e-05
2.10 2.70 -2.71833e-05
2.20 0.30 -2.13202e-05
2.20 0.40 -2.13913e-05
2.20 0.50 -2.14788e-05
2.20 0.60 -2.15804e-05
2.20 0.70 -2.16940e-05
2.20 0.80 -2.18178e-05
2.20 0.90 -2.19500e-05
2.20 1.00 -2.20888e-05
2.20 1.10 -2.22328e-05
2.20 1.20 -2.23808e-05
2.20 1.30 -2.25318e-05
2.20 1.40 -2.26846e-05
2.20 1.50 -2.28385e-05
2.20 1.60 -2.29929e-05
2.20 1.70 -2.31470e-05
2.20 1.80 -2.33004e-05
2.20 1.90 -2.34527e-05
2.20 2.00 -2.36035e-05
2.20 2.10 -2.37526e-05
2.20 2.20 -2.38996e-05
2.20 2.30 -2.40444e-05
2.20 2.40 -2.41869e-05
2.20 2.50 -2.43268e-05
2.20 2.60 -2.44642e-05
2.20 2.70 -2.45990e-05
2.30 0.30 -1.94993e-05
2.30 0.40 -1.95592e-05
2.30 0.50 -1.96331e-05
2.30 0.60 -1.97192e-05
2.30 0.70 -1.98159e-05
2.30 0.80 -1.99215e-05
2.30 0.90 -2.00346e-05
2.30 1.00 -2.01539e-05
2.30 1.10 -2.02780e-05
2.30 1.20 -2.04059e-05
2.30 1.30 -2.05368e-05
2.30 1.40 -2.06696e-05
2.30 1.50 -2.08038e-05
2.30 1.60 -2.09387e-05
2.30 1.70 -2.10738e-05
2.30 1.80 -2.12086e-05
2.30 1.90 -2.13427e-05
2.30 2.00 -2.14758e-05
2.30 2.10 -2.16076e-05
2.30 2.20 -2.17379e-05
2.30 2.30 -2.18666e-05
2.30 2.40 -2.19933e-05
2.30 2.50 -2.21181e-05
2.30 2.60 -2.22409e-05
2.30 2.70 -2.23615e-05
2.40 0.30 -1.79023e-05
2.40 0.40 -1.79531e-05
2.40 0.50 -1.80160e-05
2.40 0.60 -1.80894e-05
2.40 0.70 -1.81722e-05
2.40 0.80 -1.82628e-05
2.40 0.90 -1.83602e-05
2.40 1.00 -1.84631e-05
2.40 1.10 -1.85706e-05
2.40 1.20 -1.86817e-05
2.40 1.30 -1.87957e-05
2.40 1.40 -1.89117e-05
2.40 1.50 -1.90291e-05
2.40 1.60 -1.91475e-05
2.40 1.70 -1.92664e-05
2.40 1.80 -1.93852e-05
2.40 1.90 -1.95037e-05
2.40 2.00 -1.96216e-05
2.40 2.10 -1.97386e-05
2.40 2.20 -1.98545e-05
2.40 2.30 -1.99691e-05
2.40 2.40 -2.00823e-05
2.40 2.50 -2.01939e-05
2.40 2.60 -2.03039e-05
2.40 2.70 -2.04121e-05
2.50 0.30 -1.64939e-05
2.50 0.40 -1.65373e-05
2.50 0.50 -1.65911e-05
2.50 0.60 -1.66542e-05
2.50 0.70 -1.67253e-05
2.50 0.80 -1.68036e-05
2.50 0.90 -1.68878e-05
2.50 1.00 -1.69771e-05
2.50 1.10 -1.70706e-05
2.50 1.20 -1.71676e-05
2.50 1.30 -1.72672e-05
2.50 1.40 -1.73689e-05
2.50 1.50 -1.74722e-05
2.50 1.60 -1.75765e-05
2.50 1.70 -1.76814e-05
2.50 1.80 -1.77866e-05
2.50 1.90 -1.78917e-05
2.50 2.00 -1.79964e-05
2.50 2.10 -1.81006e-05
2.50 2.20 -1.82040e-05
2.50 2.30 -1.83064e-05
2.50 2.40 -1.84077e-05
2.50 2.50 -1.85079e-05
2.50 2.60 -1.86066e-05
2.50 2.70 -1.87040e-05
2.60 0.30 -1.52456e-05
2.60 0.40 -1.52829e-05
2.60 0.50 -1.53291e-05
2.60 0.60 -1.53835e-05
2.60 0.70 -1.54451e-05
2.60 0.80 -1.55129e-05
2.60 0.90 -1.55862e-05
2.60 1.00 -1.56640e-05
2.60 1.10 -1.57458e-05
2.60 1.20 -1.58307e-05
2.60 1.30 -1.59182e-05
2.60 1.40 -1.60077e-05
2.60 1.50 -1.60988e-05
2.60 1.60 -1.61910e-05
2.60 1.70 -1.62840e-05
2.60 1.80 -1.63773e-05
2.60 1.90 -1.64709e-05
2.60 2.00 -1.65642e-05
2.60 2.10 -1.66573e-05
2.60 2.20 -1.67498e-05
2.60 2.30 -1.68416e-05
2.60 2.40 -1.69326e-05
2.60 2.50 -1.70226e-05
2.60 2.60 -1.71116e-05
2.60 2.70 -1.71994e-05
2.70 0.30 -1.41339e-05
2.70 0.40 -1.41661e-05
2.70 0.50 -1.42061e-05
2.70 0.60 -1.42533e-05
2.70 0.70 -1.43068e-05
2.70 0.80 -1.43659e-05
2.70 0.90 -1.44299e-05
2.70 1.00 -1.44980e-05
2.70 1.10 -1.45697e-05
2.70 1.20 -1.46444e-05
2.70 1.30 -1.47215e-05
2.70 1.40 -1.48006e-05
2.70 1.50 -1.48813e-05
2.70 1.60 -1.49631e-05
2.70 1.70 -1.50457e-05
2.70 1.80 -1.51289e-05
2.70 1.90 -1.52124e-05
2.70 2.00 -1.52959e-05
2.70 2.10 -1.53792e-05
2.70 2.20 -1.54622e-05
2.70 2.30 -1.55447e-05
2.70 2.40 -1.56266e-05
2.70 2.50 -1.57077e-05
2.70 2.60 -1.57881e-05
2.70 2.70 -1.58675e-05
