0.30 0.30 -1.71695e-03
0.30 0.40 -1.71695e-03
0.30 0.50 -1.71695e-03
0.30 0.60 -1.71695e-03
0.30 0.70 -1.71695e-03
0.30 0.80 -1.71695e-03
0.30 0.90 -1.71695e-03
0.30 1.00 -1.71695e-03
0.30 1.10 -1.71695e-03
0.30 1.20 -1.71695e-03
0.30 1.30 -1.71695e-03
0.30 1.40 -1.71695e-03
0.30 1.50 -1.71695e-03
0.30 1.60 -1.71695e-03
0.30 1.70 -1.71695e-03
0.30 1.80 -1.71695e-03
0.30 1.90 -1.71695e-03
0.30 2.00 -1.71695e-03
0.30 2.10 -1.71695e-03
0.30 2.20 -1.71695e-03
0.30 2.30 -1.71695e-03
0.30 2.40 -1.71695e-03
0.30 2.50 -1.71695e-03
0.30 2.60 -1.71695e-03
0.30 2.70 -1.71695e-03
0.40 0.30 -9.65783e-04
0.40 0.40 -9.65783e-04
0.40 0.50 -9.65783e-04
0.40 0.60 -9.65783e-04
0.40 0.70 -9.65783e-04
0.40 0.80 -9.65783e-04
0.40 0.90 -9.65783e-04
0.40 1.00 -9.65783e-04
0.40 1.10 -9.65783e-04
0.40 1.20 -9.65783e-04
0.40 1.30 -9.65783e-04
0.40 1.40 -9.65783e-04
0.40 1.50 -9.65783e-04
0.40 1.60 -9.65783e-04
0.40 1.70 -9.65783e-04
0.40 1.80 -9.65783e-04
0.40 1.90 -9.65783e-04
0.40 2.00 -9.65783e-04
0.40 2.10 -9.65783e-04
0.40 2.20 -9.65783e-04
0.40 2.30 -9.65783e-04
0.40 2.40 -9.65783e-04
0.40 2.50 -9.65783e-04
0.40 2.60 -9.65783e-04
0.40 2.70 -9.65783e-04
0.50 0.30 -6.18101e-04
0.50 0.40 -6.18101e-04
0.50 0.50 -6.18101e-04
0.50 0.60 -6.18101e-04
0.50 0.70 -6.18101e-04
0.50 0.80 -6.18101e-04
0.50 0.90 -6.18101e-04
0.50 1.00 -6.18101e-04
0.50 1.10 -6.18101e-04
0.50 1.20 -6.18101e-04
0.50 1.30 -6.18101e-04
0.50 1.40 -6.18101e-04
0.50 1.50 -6.18101e-04
0.50 1.60 -6.18101e-04
0.50 1.70 -6.18101e-04
0.50 1.80 -6.18101e-04
0.50 1.90 -6.18101e-04
0.50 2.00 -6.18101e-04
0.50 2.10 -6.18101e-04
0.50 2.20 -6.18101e-04
0.50 2.30 -6.18101e-04
0.50 2.40 -6.18101e-04
0.50 2.50 -6.18101e-04
0.50 2.60 -6.18101e-04
0.50 2.70 -6.18101e-04
0.60 0.30 -4.29237e-04
0.60 0.40 -4.29237e-04
0.60 0.50 -4.29237e-04
0.60 0.60 -4.29237e-04
0.60 0.70 -4.29237e-04
0.60 0.80 -4.29237e-04
0.60 0.90 -4.29237e-04
0.60 1.00 -4.29237e-04
0.60 1.10 -4.29237e-04
0.60 1.20 -4.29237e-04
0.60 1.30 -4.29237e-04
0.60 1.40 -4.29237e-04
0.60 1.50 -4.29237e-04
0.60 1.60 -4.29237e-04
0.60 1.70 -4.29237e-04
0.60 1.80 -4.29237e-04
0.60 1.90 -4.29237e-04
0.60 2.00 -4.29237e-04
0.60 2.10 -4.29237e-04
0.60 2.20 -4.29237e-04
0.60 2.30 -4.29237e-04
0.60 2.40 -4.29237e-04
0.60 2.50 -4.29237e-04
0.60 2.60 -4.29237e-04
0.60 2.70 -4.29237e-04
0.70 0.30 -3.15358e-04
0.70 0.40 -3.15358e-04
0.70 0.50 -3.15358e-04
0.70 0.60 -3.15358e-04
0.70 0.70 -3.15358e-04
0.70 0.80 -3.15358e-04
0.70 0.90 -3.15358e-04
0.70 1.00 -3.15358e-04
0.70 1.10 -3.15358e-04
0.70 1.20 -3.15358e-04
0.70 1.30 -3.15358e-04
0.70 1.40 -3.15358e-04
0.70 1.50 -3.15358e-04
0.70 1.60 -3.15358e-04
0.70 1.70 -3.15358e-04
0.70 1.80 -3.15358e-04
0.70 1.90 -3.15358e-04
0.70 2.00 -3.15358e-04
0.70 2.10 -3.15358e-04
0.70 2.20 -3.15358e-04
0.70 2.30 -3.15358e-04
0.70 2.40 -3.15358e-04
0.70 2.50 -3.15358e-04
0.70 2.60 -3.15358e-04
0.70 2.70 -3.15358e-04
0.80 0.30 -2.41446e-04
0.80 0.40 -2.41446e-04
0.80 0.50 -2.41446e-04
0.80 0.60 -2.41446e-04
0.80 0.70 -2.41446e-04
0.80 0.80 -2.41446e-04
0.80 0.90 -2.41446e-04
0.80 1.00 -2.41446e-04
0.80 1.10 -2.41446e-04
0.80 1.20 -2.41446e-04
0.80 1.30 -2.41446e-04
0.80 1.40 -2.41446e-04
0.80 1.50 -2.41446e-04
0.80 1.60 -2.41446e-04
0.80 1.70 -2.41446e-04
0.80 1.80 -2.41446e-04
0.80 1.90 -2.41446e-04
0.80 2.00 -2.41446e-04
0.80 2.10 -2.41446e-04
0.80 2.20 -2.41446e-04
0.80 2.30 -2.41446e-04
0.80 2.40 -2.41446e-04
0.80 2.50 -2.41446e-04
0.80 2.60 -2.41446e-04
0.80 2.70 -2.41446e-04
0.90 0.30 -1.90772e-04
0.90 0.40 -1.90772e-04
0.90 0.50 -1.90772e-04
0.90 0.60 -1.90772e-04
0.90 0.70 -1.90772e-04
0.90 0.80 -1.90772e-04
0.90 0.90 -1.90772e-04
0.90 1.00 -1.90772e-04
0.90 1.10 -1.90772e-04
0.90 1.20 -1.90772e-04
0.90 1.30 -1.90772e-04
0.90 1.40 -1.90772e-04
0.90 1.50 -1.90772e-04
0.90 1.60 -1.90772e-04
0.90 1.70 -1.90772e-04
0.90 1.80 -1.90772e-04
0.90 1.90 -1.90772e-04
0.90 2.00 -1.90772e-04
0.90 2.10 -1.90772e-04
0.90 2.20 -1.90772e-04
0.90 2.30 -1.90772e-04
0.90 2.40 -1.90772e-04
0.90 2.50 -1.90772e-04
0.90 2.60 -1.90772e-04
0.90 2.70 -1.90772e-04
1.00 0.30 -1.54525e-04
1.00 0.40 -1.54525e-04
1.00 0.50 -1.54525e-04
1.00 0.60 -1.54525e-04
1.00 0.70 -1.54525e-04
1.00 0.80 -1.54525e-04
1.00 0.90 -1.54525e-04
1.00 1.00 -1.54525e-04
1.00 1.10 -1.54525e-04
1.00 1.20 -1.54525e-04
1.00 1.30 -1.54525e-04
1.00 1.40 -1.54525e-04
1.00 1.50 -1.54525e-04
1.00 1.60 -1.54525e-04
1.00 1.70 -1.54525e-04
1.00 1.80 -1.54525e-04
1.00 1.90 -1.54525e-04
1.00 2.00 -1.54525e-04
1.00 2.10 -1.54525e-04
1.00 2.20 -1.54525e-04
1.00 2.30 -1.54525e-04
1.00 2.40 -1.54525e-04
1.00 2.50 -1.54525e-04
1.00 2.60 -1.54525e-04
1.00 2.70 -1.54525e-04
1.10 0.30 -1.27707e-04
1.10 0.40 -1.27707e-04
1.10 0.50 -1.27707e-04
1.10 0.60 -1.27707e-04
1.10 0.70 -1.27707e-04
1.10 0.80 -1.27707e-04
1.10 0.90 -1.27707e-04
1.10 1.00 -1.27707e-04
1.10 1.10 -1.27707e-04
1.10 1.20 -1.27707e-04
1.10 1.30 -1.27707e-04
1.10 1.40 -1.27707e-04
1.10 1.50 -1.27707e-04
1.10 1.60 -1.27707e-04
1.10 1.70 -1.27707e-04
1.10 1.80 -1.27707e-04
1.10 1.90 -1.27707e-04
1.10 2.00 -1.27707e-04
1.10 2.10 -1.27707e-04
1.10 2.20 -1.27707e-04
1.10 2.30 -1.27707e-04
1.10 2.40 -1.27707e-04
1.10 2.50 -1.27707e-04
1.10 2.60 -1.27707e-04
1.10 2.70 -1.27707e-04
1.20 0.30 -1.07309e-04
1.20 0.40 -1.07309e-04
1.20 0.50 -1.07309e-04
1.20 0.60 -1.07309e-04
1.20 0.70 -1.07309e-04
1.20 0.80 -1.07309e-04
1.20 0.90 -1.07309e-04
1.20 1.00 -1.07309e-04
1.20 1.10 -1.07309e-04
1.20 1.20 -1.07309e-04
1.20 1.30 -1.07309e-04
1.20 1.40 -1.07309e-04
1.20 1.50 -1.07309e-04
1.20 1.60 -1.07309e-04
1.20 1.70 -1.07309e-04
1.20 1.80 -1.07309e-04
1.20 1.90 -1.07309e-04
1.20 2.00 -1.07309e-04
1.20 2.10 -1.07309e-04
1.20 2.20 -1.07309e-04
1.20 2.30 -1.07309e-04
1.20 2.40 -1.07309e-04
1.20 2.50 -1.07309e-04
1.20 2.60 -1.07309e-04
1.20 2.70 -1.07309e-04
1.30 0.30 -9.14351e-05
1.30 0.40 -9.14351e-05
1.30 0.50 -9.14351e-05
1.30 0.60 -9.14351e-05
1.30 0.70 -9.14351e-05
1.30 0.80 -9.14351e-05
1.30 0.90 -9.14351e-05
1.30 1.00 -9.14351e-05
1.30 1.10 -9.14351e-05
1.30 1.20 -9.14351e-05
1.30 1.30 -9.14351e-05
1.30 1.40 -9.14351e-05
1.30 1.50 -9.14351e-05
1.30 1.60 -9.14351e-05
1.30 1.70 -9.14351e-05
1.30 1.80 -9.14351e-05
1.30 1.90 -9.14351e-05
1.30 2.00 -9.14351e-05
1.30 2.10 -9.14351e-05
1.30 2.20 -9.14351e-05
1.30 2.30 -9.14351e-05
1.30 2.40 -9.14351e-05
1.30 2.50 -9.14351e-05
1.30 2.60 -9.14351e-05
1.30 2.70 -9.14351e-05
1.40 0.30 -7.88395e-05
1.40 0.40 -7.88395e-05
1.40 0.50 -7.88395e-05
1.40 0.60 -7.88395e-05
1.40 0.70 -7.88395e-05
1.40 0.80 -7.88395e-05
1.40 0.90 -7.88395e-05
1.40 1.00 -7.88395e-05
1.40 1.10 -7.88395e-05
1.40 1.20 -7.88395e-05
1.40 1.30 -7.88395e-05
1.40 1.40 -7.88395e-05
1.40 1.50 -7.88395e-05
1.40 1.60 -7.88395e-05
1.40 1.70 -7.88395e-05
1.40 1.80 -7.88395e-05
1.40 1.90 -7.88395e-05
1.40 2.00 -7.88395e-05
1.40 2.10 -7.88395e-05
1.40 2.20 -7.88395e-05
1.40 2.30 -7.88395e-05
1.40 2.40 -7.88395e-05
1.40 2.50 -7.88395e-05
1.40 2.60 -7.88395e-05
1.40 2.70 -7.88395e-05
1.50 0.30 -6.86779e-05
1.50 0.40 -6.86779e-05
1.50 0.50 -6.86779e-05
1.50 0.60 -6.86779e-05
1.50 0.70 -6.86779e-05
1.50 0.80 -6.86779e-05
1.50 0.90 -6.86779e-05
1.50 1.00 -6.86779e-05
1.50 1.10 -6.86779e-05
1.50 1.20 -6.86779e-05
1.50 1.30 -6.86779e-05
1.50 1.40 -6.86779e-05
1.50 1.50 -6.86779e-05
1.50 1.60 -6.86779e-05
1.50 1.70 -6.86779e-05
1.50 1.80 -6.86779e-05
1.50 1.90 -6.86779e-05
1.50 2.00 -6.86779e-05
1.50 2.10 -6.86779e-05
1.50 2.20 -6.86779e-05
1.50 2.30 -6.86779e-05
1.50 2.40 -6.86779e-05
1.50 2.50 -6.86779e-05
1.50 2.60 -6.86779e-05
1.50 2.70 -6.86779e-05
1.60 0.30 -6.03615e-05
1.60 0.40 -6.03615e-05
1.60 0.50 -6.03615e-05
1.60 0.60 -6.03615e-05
1.60 0.70 -6.03615e-05
1.60 0.80 -6.03615e-05
1.60 0.90 -6.03615e-05
1.60 1.00 -6.03615e-05
1.60 1.10 -6.03615e-05
1.60 1.20 -6.03615e-05
1.60 1.30 -6.03615e-05
1.60 1.40 -6.03615e-05
1.60 1.50 -6.03615e-05
1.60 1.60 -6.03615e-05
1.60 1.70 -6.03615e-05
1.60 1.80 -6.03615e-05
1.60 1.90 -6.03615e-05
1.60 2.00 -6.03615e-05
1.60 2.10 -6.03615e-05
1.60 2.20 -6.03615e-05
1.60 2.30 -6.03615e-05
1.60 2.40 -6.03615e-05
1.60 2.50 -6.03615e-05
1.60 2.60 -6.03615e-05
1.60 2.70 -6.03615e-05
1.70 0.30 -5.34690e-05
1.70 0.40 -5.34690e-05
1.70 0.50 -5.34690e-05
1.70 0.60 -5.34690e-05
1.70 0.70 -5.34690e-05
1.70 0.80 -5.34690e-05
1.70 0.90 -5.34690e-05
1.70 1.00 -5.34690e-05
1.70 1.10 -5.34690e-05
1.70 1.20 -5.34690e-05
1.70 1.30 -5.34690e-05
1.70 1.40 -5.34690e-05
1.70 1.50 -5.34690e-05
1.70 1.60 -5.34690e-05
1.70 1.70 -5.34690e-05
1.70 1.80 -5.34690e-05
1.70 1.90 -5.34690e-05
1.70 2.00 -5.34690e-05
1.70 2.10 -5.34690e-05
1.70 2.20 -5.34690e-05
1.70 2.30 -5.34690e-05
1.70 2.40 -5.34690e-05
1.70 2.50 -5.34690e-05
1.70 2.60 -5.34690e-05
1.70 2.70 -5.34690e-05
1.80 0.30 -4.76930e-05
1.80 0.40 -4.76930e-05
1.80 0.50 -4.76930e-05
1.80 0.60 -4.76930e-05
1.80 0.70 -4.76930e-05
1.80 0.80 -4.76930e-05
1.80 0.90 -4.76930e-05
1.80 1.00 -4.76930e-05
1.80 1.10 -4.76930e-05
1.80 1.20 -4.76930e-05
1.80 1.30 -4.76930e-05
1.80 1.40 -4.76930e-05
1.80 1.50 -4.76930e-05
1.80 1.60 -4.76930e-05
1.80 1.70 -4.76930e-05
1.80 1.80 -4.76930e-05
1.80 1.90 -4.76930e-05
1.80 2.00 -4.76930e-05
1.80 2.10 -4.76930e-05
1.80 2.20 -4.76930e-05
1.80 2.30 -4.76930e-05
1.80 2.40 -4.76930e-05
1.80 2.50 -4.76930e-05
1.80 2.60 -4.76930e-05
1.80 2.70 -4.76930e-05
1.90 0.30 -4.28048e-05
1.90 0.40 -4.28048e-05
1.90 0.50 -4.28048e-05
1.90 0.60 -4.28048e-05
1.90 0.70 -4.28048e-05
1.90 0.80 -4.28048e-05
1.90 0.90 -4.28048e-05
1.90 1.00 -4.28048e-05
1.90 1.10 -4.28048e-05
1.90 1.20 -4.28048e-05
1.90 1.30 -4.28048e-05
1.90 1.40 -4.28048e-05
1.90 1.50 -4.28048e-05
1.90 1.60 -4.28048e-05
1.90 1.70 -4.28048e-05
1.90 1.80 -4.28048e-05
1.90 1.90 -4.28048e-05
1.90 2.00 -4.28048e-05
1.90 2.10 -4.28048e-05
1.90 2.20 -4.28048e-05
1.90 2.30 -4.28048e-05
1.90 2.40 -4.28048e-05
1.90 2.50 -4.28048e-05
1.90 2.60 -4.28048e-05
1.90 2.70 -4.28048e-05
2.00 0.30 -3.86313e-05
2.00 0.40 -3.86313e-05
2.00 0.50 -3.86313e-05
2.00 0.60 -3.86313e-05
2.00 0.70 -3.86313e-05
2.00 0.80 -3.86313e-05
2.00 0.90 -3.86313e-05
2.00 1.00 -3.86313e-05
2.00 1.10 -3.86313e-05
2.00 1.20 -3.86313e-05
2.00 1.30 -3.86313e-05
2.00 1.40 -3.86313e-05
2.00 1.50 -3.86313e-05
2.00 1.60 -3.86313e-05
2.00 1.70 -3.86313e-05
2.00 1.80 -3.86313e-05
2.00 1.90 -3.86313e-05
2.00 2.00 -3.86313e-05
2.00 2.10 -3.86313e-05
2.00 2.20 -3.86313e-05
2.00 2.30 -3.86313e-05
2.00 2.40 -3.86313e-05
2.00 2.50 -3.86313e-05
2.00 2.60 -3.86313e-05
2.00 2.70 -3.86313e-05
2.10 0.30 -3.50398e-05
2.10 0.40 -3.50398e-05
2.10 0.50 -3.50398e-05
2.10 0.60 -3.50398e-05
2.10 0.70 -3.50398e-05
2.10 0.80 -3.50398e-05
2.10 0.90 -3.50398e-05
2.10 1.00 -3.50398e-05
2.10 1.10 -3.50398e-05
2.10 1.20 -3.50398e-05
2.10 1.30 -3.50398e-05
2.10 1.40 -3.50398e-05
2.10 1.50 -3.50398e-05
2.10 1.60 -3.50398e-05
2.10 1.70 -3.50398e-05
2.10 1.80 -3.50398e-05
2.10 1.90 -3.50398e-05
2.10 2.00 -3.50398e-05
2.10 2.10 -3.50398e-05
2.10 2.20 -3.50398e-05
2.10 2.30 -3.50398e-05
2.10 2.40 -3.50398e-05
2.10 2.50 -3.50398e-05
2.10 2.60 -3.50398e-05
2.10 2.70 -3.50398e-05
2.20 0.30 -3.19267e-05
2.20 0.40 -3.19267e-05
2.20 0.50 -3.19267e-05
2.20 0.60 -3.19267e-05
2.20 0.70 -3.19267e-05
2.20 0.80 -3.19267e-05
2.20 0.90 -3.19267e-05
2.20 1.00 -3.19267e-05
2.20 1.10 -3.19267e-05
2.20 1.20 -3.19267e-05
2.20 1.30 -3.19267e-05
2.20 1.40 -3.19267e-05
2.20 1.50 -3.19267e-05
2.20 1.60 -3.19267e-05
2.20 1.70 -3.19267e-05
2.20 1.80 -3.19267e-05
2.20 1.90 -3.19267e-05
2.20 2.00 -3.19267e-05
2.20 2.10 -3.19267e-05
2.20 2.20 -3.19267e-05
2.20 2.30 -3.19267e-05
2.20 2.40 -3.19267e-05
2.20 2.50 -3.19267e-05
2.20 2.60 -3.19267e-05
2.20 2.70 -3.19267e-05
2.30 0.30 -2.92108e-05
2.30 0.40 -2.92108e-05
2.30 0.50 -2.92108e-05
2.30 0.60 -2.92108e-05
2.30 0.70 -2.92108e-05
2.30 0.80 -2.92108e-05
2.30 0.90 -2.92108e-05
2.30 1.00 -2.92108e-05
2.30 1.10 -2.92108e-05
2.30 1.20 -2.92108e-05
2.30 1.30 -2.92108e-05
2.30 1.40 -2.92108e-05
2.30 1.50 -2.92108e-05
2.30 1.60 -2.92108e-05
2.30 1.70 -2.92108e-05
2.30 1.80 -2.92108e-05
2.30 1.90 -2.92108e-05
2.30 2.00 -2.92108e-05
2.30 2.10 -2.92108e-05
2.30 2.20 -2.92108e-05
2.30 2.30 -2.92108e-05
2.30 2.40 -2.92108e-05
2.30 2.50 -2.92108e-05
2.30 2.60 -2.92108e-05
2.30 2.70 -2.92108e-05
2.40 0.30 -2.68273e-05
2.40 0.40 -2.68273e-05
2.40 0.50 -2.68273e-05
2.40 0.60 -2.68273e-05
2.40 0.70 -2.68273e-05
2.40 0.80 -2.68273e-05
2.40 0.90 -2.68273e-05
2.40 1.00 -2.68273e-05
2.40 1.10 -2.68273e-05
2.40 1.20 -2.68273e-05
2.40 1.30 -2.68273e-05
2.40 1.40 -2.68273e-05
2.40 1.50 -2.68273e-05
2.40 1.60 -2.68273e-05
2.40 1.70 -2.68273e-05
2.40 1.80 -2.68273e-05
2.40 1.90 -2.68273e-05
2.40 2.00 -2.68273e-05
2.40 2.10 -2.68273e-05
2.40 2.20 -2.68273e-05
2.40 2.30 -2.68273e-05
2.40 2.40 -2.68273e-05
2.40 2.50 -2.68273e-05
2.40 2.60 -2.68273e-05
2.40 2.70 -2.68273e-05
2.50 0.30 -2.47241e-05
2.50 0.40 -2.47241e-05
2.50 0.50 -2.47241e-05
2.50 0.60 -2.47241e-05
2.50 0.70 -2.47241e-05
2.50 0.80 -2.47241e-05
2.50 0.90 -2.47241e-05
2.50 1.00 -2.47241e-05
2.50 1.10 -2.47241e-05
2.50 1.20 -2.47241e-05
2.50 1.30 -2.47241e-05
2.50 1.40 -2.47241e-05
2.50 1.50 -2.47241e-05
2.50 1.60 -2.47241e-05
2.50 1.70 -2.47241e-05
2.50 1.80 -2.47241e-05
2.50 1.90 -2.47241e-05
2.50 2.00 -2.47241e-05
2.50 2.10 -2.47241e-05
2.50 2.20 -2.47241e-05
2.50 2.30 -2.47241e-05
2.50 2.40 -2.47241e-05
2.50 2.50 -2.47241e-05
2.50 2.60 -2.47241e-05
2.50 2.70 -2.47241e-05
2.60 0.30 -2.28588e-05
2.60 0.40 -2.28588e-05
2.60 0.50 -2.28588e-05
2.60 0.60 -2.28588e-05
2.60 0.70 -2.28588e-05
2.60 0.80 -2.28588e-05
2.60 0.90 -2.28588e-05
2.60 1.00 -2.28588e-05
2.60 1.10 -2.28588e-05
2.60 1.20 -2.28588e-05
2.60 1.30 -2.28588e-05
2.60 1.40 -2.28588e-05
2.60 1.50 -2.28588e-05
2.60 1.60 -2.28588e-05
2.60 1.70 -2.28588e-05
2.60 1.80 -2.28588e-05
2.60 1.90 -2.28588e-05
2.60 2.00 -2.28588e-05
2.60 2.10 -2.28588e-05
2.60 2.20 -2.28588e-05
2.60 2.30 -2.28588e-05
2.60 2.40 -2.28588e-05
2.60 2.50 -2.28588e-05
2.60 2.60 -2.28588e-05
2.60 2.70 -2.28588e-05
2.70 0.30 -2.11969e-05
2.70 0.40 -2.11969e-05
2.70 0.50 -2.11969e-05
2.70 0.60 -2.11969e-05
2.70 0.70 -2.11969e-05
2.70 0.80 -2.11969e-05
2.70 0.90 -2.11969e-05
2.70 1.00 -2.11969e-05
2.70 1.10 -2.11969e-05
2.70 1.20 -2.11969e-05
2.70 1.30 -2.11969e-05
2.70 1.40 -2.11969e-05
2.70 1.50 -2.11969e-05
2.70 1.60 -2.11969e-05
2.70 1.70 -2.11969e-05
2.70 1.80 -2.11969e-05
2.70 1.90 -2.11969e-05
2.70 2.00 -2.11969e-05
2.70 2.10 -2.11969e-05
2.70 2.20 -2.11969e-05
2.70 2.30 -2.11969e-05
2.70 2.40 -2.11969e-05
2.70 2.50 -2.11969e-05
2.70 2.60 -2.11969e-05
2.70 2.70 -2.11969e-05
