0.20 0.20 -3.97343e-04
0.20 0.30 -2.72363e-04
0.20 0.40 -1.95392e-04
0.20 0.50 -1.45881e-04
0.20 0.60 -1.12558e-04
0.20 0.70 -8.92172e-05
0.20 0.80 -7.23074e-05
0.20 0.90 -5.97014e-05
0.20 1.00 -5.00731e-05
0.20 1.10 -4.25648e-05
0.20 1.20 -3.66036e-05
0.20 1.30 -3.17963e-05
0.20 1.40 -2.78661e-05
0.20 1.50 -2.46137e-05
0.20 1.60 -2.18931e-05
0.20 1.70 -1.95953e-05
0.20 1.80 -1.76377e-05
0.20 1.90 -1.59567e-05
0.20 2.00 -1.45030e-05
0.20 2.10 -1.32377e-05
0.20 2.20 -1.21296e-05
0.20 2.30 -1.11541e-05
0.20 2.40 -1.02908e-05
0.30 0.20 -2.32143e-04
0.30 0.30 -1.76597e-04
0.30 0.40 -1.36584e-04
0.30 0.50 -1.07837e-04
0.30 0.60 -8.68409e-05
0.30 0.70 -7.11850e-05
0.30 0.80 -5.92691e-05
0.30 0.90 -5.00256e-05
0.30 1.00 -4.27311e-05
0.30 1.10 -3.68857e-05
0.30 1.20 -3.21366e-05
0.30 1.30 -2.82307e-05
0.30 1.40 -2.49826e-05
0.30 1.50 -2.22547e-05
0.30 1.60 -1.99430e-05
0.30 1.70 -1.79681e-05
0.30 1.80 -1.62683e-05
0.30 1.90 -1.47953e-05
0.30 2.00 -1.35111e-05
0.30 2.10 -1.23849e-05
0.30 2.20 -1.13922e-05
0.30 2.30 -1.05128e-05
0.30 2.40 -9.73026e-06
0.40 0.20 -1.49823e-04
0.40 0.30 -1.21843e-04
0.40 0.40 -9.93357e-05
0.40 0.50 -8.17693e-05
0.40 0.60 -6.80907e-05
0.40 0.70 -5.73595e-05
0.40 0.80 -4.88480e-05
0.40 0.90 -4.20169e-05
0.40 1.00 -3.64703e-05
0.40 1.10 -3.19166e-05
0.40 1.20 -2.81394e-05
0.40 1.30 -2.49763e-05
0.40 1.40 -2.23043e-05
0.40 1.50 -2.00289e-05
0.40 1.60 -1.80768e-05
0.40 1.70 -1.63908e-05
0.40 1.80 -1.49254e-05
0.40 1.90 -1.36443e-05
0.40 2.00 -1.25183e-05
0.40 2.10 -1.15237e-05
0.40 2.20 -1.06412e-05
0.40 2.30 -9.85467e-06
0.40 2.40 -9.15090e-06
0.50 0.20 -1.03809e-04
0.50 0.30 -8.83283e-05
0.50 0.40 -7.48173e-05
0.50 0.50 -6.35748e-05
0.50 0.60 -5.43603e-05
0.50 0.70 -4.68227e-05
0.50 0.80 -4.06336e-05
0.50 0.90 -3.55195e-05
0.50 1.00 -3.12627e-05
0.50 1.10 -2.76924e-05
0.50 1.20 -2.46755e-05
0.50 1.30 -2.21077e-05
0.50 1.40 -1.99071e-05
0.50 1.50 -1.80092e-05
0.50 1.60 -1.63624e-05
0.50 1.70 -1.49253e-05
0.50 1.80 -1.36647e-05
0.50 1.90 -1.25534e-05
0.50 2.00 -1.15692e-05
0.50 2.10 -1.06938e-05
0.50 2.20 -9.91204e-06
0.50 2.30 -9.21125e-06
0.50 2.40 -8.58079e-06
0.60 0.20 -7.57920e-05
0.60 0.30 -6.65881e-05
0.60 0.40 -5.80358e-05
0.60 0.50 -5.05482e-05
0.60 0.60 -4.41492e-05
0.60 0.70 -3.87292e-05
0.60 0.80 -3.41460e-05
0.60 0.90 -3.02626e-05
0.60 1.00 -2.69592e-05
0.60 1.10 -2.41359e-05
0.60 1.20 -2.17102e-05
0.60 1.30 -1.96152e-05
0.60 1.40 -1.77963e-05
0.60 1.50 -1.62090e-05
0.60 1.60 -1.48173e-05
0.60 1.70 -1.35912e-05
0.60 1.80 -1.25064e-05
0.60 1.90 -1.15425e-05
0.60 2.00 -1.06828e-05
0.60 2.10 -9.91302e-06
0.60 2.20 -9.22141e-06
0.60 2.30 -8.59795e-06
0.60 2.40 -8.03415e-06
0.70 0.20 -5.75892e-05
0.70 0.30 -5.17975e-05
0.70 0.40 -4.61426e-05
0.70 0.50 -4.09831e-05
0.70 0.60 -3.64182e-05
0.70 0.70 -3.24361e-05
0.70 0.80 -2.89829e-05
0.70 0.90 -2.59923e-05
0.70 1.00 -2.33995e-05
0.70 1.10 -2.11460e-05
0.70 1.20 -1.91810e-05
0.70 1.30 -1.74613e-05
0.70 1.40 -1.59504e-05
0.70 1.50 -1.46178e-05
0.70 1.60 -1.34379e-05
0.70 1.70 -1.23894e-05
0.70 1.80 -1.14542e-05
0.70 1.90 -1.06172e-05
0.70 2.00 -9.86555e-06
0.70 2.10 -9.18837e-06
0.70 2.20 -8.57645e-06
0.70 2.30 -8.02188e-06
0.70 2.40 -7.51791e-06
0.80 0.20 -4.51486e-05
0.80 0.30 -4.13331e-05
0.80 0.40 -3.74558e-05
0.80 0.50 -3.37953e-05
0.80 0.60 -3.04607e-05
0.80 0.70 -2.74778e-05
0.80 0.80 -2.48339e-05
0.80 0.90 -2.25001e-05
0.80 1.00 -2.04423e-05
0.80 1.10 -1.86269e-05
0.80 1.20 -1.70227e-05
0.80 1.30 -1.56018e-05
0.80 1.40 -1.43399e-05
0.80 1.50 -1.32160e-05
0.80 1.60 -1.22120e-05
0.80 1.70 -1.13125e-05
0.80 1.80 -1.05042e-05
0.80 1.90 -9.77584e-06
0.80 2.00 -9.11758e-06
0.80 2.10 -8.52109e-06
0.80 2.20 -7.97916e-06
0.80 2.30 -7.48554e-06
0.80 2.40 -7.03485e-06
0.90 0.20 -3.62955e-05
0.90 0.30 -3.36853e-05
0.90 0.40 -3.09441e-05
0.90 0.50 -2.82809e-05
0.90 0.60 -2.57937e-05
0.90 0.70 -2.35200e-05
0.90 0.80 -2.14659e-05
0.90 0.90 -1.96219e-05
0.90 1.00 -1.79715e-05
0.90 1.10 -1.64958e-05
0.90 1.20 -1.51760e-05
0.90 1.30 -1.39943e-05
0.90 1.40 -1.29344e-05
0.90 1.50 -1.19819e-05
0.90 1.60 -1.11240e-05
0.90 1.70 -1.03497e-05
0.90 1.80 -9.64898e-06
0.90 1.90 -9.01351e-06
0.90 2.00 -8.43581e-06
0.90 2.10 -7.90945e-06
0.90 2.20 -7.42878e-06
0.90 2.30 -6.98888e-06
0.90 2.40 -6.58545e-06
1.00 0.20 -2.97845e-05
1.00 0.30 -2.79416e-05
1.00 0.40 -2.59522e-05
1.00 0.50 -2.39717e-05
1.00 0.60 -2.20821e-05
1.00 0.70 -2.03217e-05
1.00 0.80 -1.87043e-05
1.00 0.90 -1.72305e-05
1.00 1.00 -1.58937e-05
1.00 1.10 -1.46839e-05
1.00 1.20 -1.35901e-05
1.00 1.30 -1.26009e-05
1.00 1.40 -1.17057e-05
1.00 1.50 -1.08945e-05
1.00 1.60 -1.01584e-05
1.00 1.70 -9.48925e-06
1.00 1.80 -8.87988e-06
1.00 1.90 -8.32390e-06
1.00 2.00 -7.81568e-06
1.00 2.10 -7.35021e-06
1.00 2.20 -6.92311e-06
1.00 2.30 -6.53048e-06
1.00 2.40 -6.16887e-06
1.10 0.20 -2.48635e-05
1.10 0.30 -2.35270e-05
1.10 0.40 -2.20502e-05
1.10 0.50 -2.05490e-05
1.10 0.60 -1.90897e-05
1.10 0.70 -1.77073e-05
1.10 0.80 -1.64183e-05
1.10 0.90 -1.52279e-05
1.10 1.00 -1.41351e-05
1.10 1.10 -1.31353e-05
1.10 1.20 -1.22223e-05
1.10 1.30 -1.13891e-05
1.10 1.40 -1.06289e-05
1.10 1.50 -9.93470e-06
1.10 1.60 -9.30034e-06
1.10 1.70 -8.71994e-06
1.10 1.80 -8.18820e-06
1.10 1.90 -7.70034e-06
1.10 2.00 -7.25206e-06
1.10 2.10 -6.83951e-06
1.10 2.20 -6.45924e-06
1.10 2.30 -6.10817e-06
1.10 2.40 -5.78355e-06
1.20 0.20 -2.10578e-05
1.20 0.30 -2.00661e-05
1.20 0.40 -1.89480e-05
1.20 0.50 -1.77907e-05
1.20 0.60 -1.66470e-05
1.20 0.70 -1.55477e-05
1.20 0.80 -1.45090e-05
1.20 0.90 -1.35381e-05
1.20 1.00 -1.26370e-05
1.20 1.10 -1.18045e-05
1.20 1.20 -1.10373e-05
1.20 1.30 -1.03314e-05
1.20 1.40 -9.68230e-06
1.20 1.50 -9.08548e-06
1.20 1.60 -8.53650e-06
1.20 1.70 -8.03119e-06
1.20 1.80 -7.56564e-06
1.20 1.90 -7.13627e-06
1.20 2.00 -6.73981e-06
1.20 2.10 -6.37327e-06
1.20 2.20 -6.03397e-06
1.20 2.30 -5.71946e-06
1.20 2.40 -5.42755e-06
1.30 0.20 -1.80565e-05
1.30 0.30 -1.73057e-05
1.30 0.40 -1.64445e-05
1.30 0.50 -1.55388e-05
1.30 0.60 -1.46307e-05
1.30 0.70 -1.37464e-05
1.30 0.80 -1.29008e-05
1.30 0.90 -1.21018e-05
1.30 1.00 -1.13530e-05
1.30 1.10 -1.06548e-05
1.30 1.20 -1.00060e-05
1.30 1.30 -9.40456e-06
1.30 1.40 -8.84758e-06
1.30 1.50 -8.33210e-06
1.30 1.60 -7.85507e-06
1.30 1.70 -7.41351e-06
1.30 1.80 -7.00456e-06
1.30 1.90 -6.62553e-06
1.30 2.00 -6.27395e-06
1.30 2.10 -5.94751e-06
1.30 2.20 -5.64409e-06
1.30 2.30 -5.36178e-06
1.30 2.40 -5.09882e-06
1.40 0.20 -1.56494e-05
1.40 0.30 -1.50709e-05
1.40 0.40 -1.43973e-05
1.40 0.50 -1.36789e-05
1.40 0.60 -1.29494e-05
1.40 0.70 -1.22305e-05
1.40 0.80 -1.15357e-05
1.40 0.90 -1.08727e-05
1.40 1.00 -1.02458e-05
1.40 1.10 -9.65637e-06
1.40 1.20 -9.10454e-06
1.40 1.30 -8.58929e-06
1.40 1.40 -8.10903e-06
1.40 1.50 -7.66187e-06
1.40 1.60 -7.24572e-06
1.40 1.70 -6.85848e-06
1.40 1.80 -6.49807e-06
1.40 1.90 -6.16250e-06
1.40 2.00 -5.84988e-06
1.40 2.10 -5.55843e-06
1.40 2.20 -5.28651e-06
1.40 2.30 -5.03258e-06
1.40 2.40 -4.79525e-06
1.50 0.20 -1.36902e-05
1.50 0.30 -1.32375e-05
1.50 0.40 -1.27035e-05
1.50 0.50 -1.21267e-05
1.50 0.60 -1.15343e-05
1.50 0.70 -1.09443e-05
1.50 0.80 -1.03685e-05
1.50 0.90 -9.81426e-06
1.50 1.00 -9.28573e-06
1.50 1.10 -8.78508e-06
1.50 1.20 -8.31303e-06
1.50 1.30 -7.86940e-06
1.50 1.40 -7.45340e-06
1.50 1.50 -7.06387e-06
1.50 1.60 -6.69945e-06
1.50 1.70 -6.35866e-06
1.50 1.80 -6.04003e-06
1.50 1.90 -5.74207e-06
1.50 2.00 -5.46336e-06
1.50 2.10 -5.20253e-06
1.50 2.20 -4.95829e-06
1.50 2.30 -4.72943e-06
1.50 2.40 -4.51485e-06
1.60 0.20 -1.20749e-05
1.60 0.30 -1.17158e-05
1.60 0.40 -1.12872e-05
1.60 0.50 -1.08191e-05
1.60 0.60 -1.03333e-05
1.60 0.70 -9.84485e-06
1.60 0.80 -9.36396e-06
1.60 0.90 -8.89724e-06
1.60 1.00 -8.44883e-06
1.60 1.10 -8.02110e-06
1.60 1.20 -7.61518e-06
1.60 1.30 -7.23138e-06
1.60 1.40 -6.86946e-06
1.60 1.50 -6.52877e-06
1.60 1.60 -6.20848e-06
1.60 1.70 -5.90758e-06
1.60 1.80 -5.62502e-06
1.60 1.90 -5.35971e-06
1.60 2.00 -5.11058e-06
1.60 2.10 -4.87659e-06
1.60 2.20 -4.65673e-06
1.60 2.30 -4.45006e-06
1.60 2.40 -4.25567e-06
1.70 0.20 -1.07279e-05
1.70 0.30 -1.04395e-05
1.70 0.40 -1.00917e-05
1.70 0.50 -9.70799e-06
1.70 0.60 -9.30608e-06
1.70 0.70 -8.89847e-06
1.70 0.80 -8.49391e-06
1.70 0.90 -8.09833e-06
1.70 1.00 -7.71563e-06
1.70 1.10 -7.34820e-06
1.70 1.20 -6.99741e-06
1.70 1.30 -6.66387e-06
1.70 1.40 -6.34768e-06
1.70 1.50 -6.04859e-06
1.70 1.60 -5.76609e-06
1.70 1.70 -5.49955e-06
1.70 1.80 -5.24823e-06
1.70 1.90 -5.01135e-06
1.70 2.00 -4.78811e-06
1.70 2.10 -4.57770e-06
1.70 2.20 -4.37937e-06
1.70 2.30 -4.19236e-06
1.70 2.40 -4.01594e-06
1.80 0.20 -9.59318e-06
1.80 0.30 -9.35903e-06
1.80 0.40 -9.07387e-06
1.80 0.50 -8.75656e-06
1.80 0.60 -8.42133e-06
1.80 0.70 -8.07865e-06
1.80 0.80 -7.73602e-06
1.80 0.90 -7.39868e-06
1.80 1.00 -7.07023e-06
1.80 1.10 -6.75299e-06
1.80 1.20 -6.44842e-06
1.80 1.30 -6.15732e-06
1.80 1.40 -5.88000e-06
1.80 1.50 -5.61646e-06
1.80 1.60 -5.36647e-06
1.80 1.70 -5.12964e-06
1.80 1.80 -4.90546e-06
1.80 1.90 -4.69340e-06
1.80 2.00 -4.49286e-06
1.80 2.10 -4.30325e-06
1.80 2.20 -4.12395e-06
1.80 2.30 -3.95439e-06
1.80 2.40 -3.79400e-06
1.90 0.20 -8.62857e-06
1.90 0.30 -8.43652e-06
1.90 0.40 -8.20065e-06
1.90 0.50 -7.93603e-06
1.90 0.60 -7.65432e-06
1.90 0.70 -7.36426e-06
1.90 0.80 -7.07226e-06
1.90 0.90 -6.78296e-06
1.90 1.00 -6.49959e-06
1.90 1.10 -6.22438e-06
1.90 1.20 -5.95878e-06
1.90 1.30 -5.70367e-06
1.90 1.40 -5.45953e-06
1.90 1.50 -5.22652e-06
1.90 1.60 -5.00459e-06
1.90 1.70 -4.79352e-06
1.90 1.80 -4.59302e-06
1.90 1.90 -4.40269e-06
1.90 2.00 -4.22212e-06
1.90 2.10 -4.05085e-06
1.90 2.20 -3.88843e-06
1.90 2.30 -3.73441e-06
1.90 2.40 -3.58832e-06
2.00 0.20 -7.80182e-06
2.00 0.30 -7.64285e-06
2.00 0.40 -7.44612e-06
2.00 0.50 -7.22378e-06
2.00 0.60 -6.98540e-06
2.00 0.70 -6.73832e-06
2.00 0.80 -6.48804e-06
2.00 0.90 -6.23860e-06
2.00 1.00 -5.99293e-06
2.00 1.10 -5.75310e-06
2.00 1.20 -5.52052e-06
2.00 1.30 -5.29611e-06
2.00 1.40 -5.08041e-06
2.00 1.50 -4.87371e-06
2.00 1.60 -4.67608e-06
2.00 1.70 -4.48745e-06
2.00 1.80 -4.30763e-06
2.00 1.90 -4.13639e-06
2.00 2.00 -3.97343e-06
2.00 2.10 -3.81841e-06
2.00 2.20 -3.67098e-06
2.00 2.30 -3.53081e-06
2.00 2.40 -3.39752e-06
2.10 0.20 -7.08796e-06
2.10 0.30 -6.95528e-06
2.10 0.40 -6.78994e-06
2.10 0.50 -6.60181e-06
2.10 0.60 -6.39880e-06
2.10 0.70 -6.18710e-06
2.10 0.80 -5.97141e-06
2.10 0.90 -5.75527e-06
2.10 1.00 -5.54131e-06
2.10 1.10 -5.33143e-06
2.10 1.20 -5.12696e-06
2.10 1.30 -4.92883e-06
2.10 1.40 -4.73762e-06
2.10 1.50 -4.55368e-06
2.10 1.60 -4.37718e-06
2.10 1.70 -4.20813e-06
2.10 1.80 -4.04646e-06
2.10 1.90 -3.89203e-06
2.10 2.00 -3.74462e-06
2.10 2.10 -3.60401e-06
2.10 2.20 -3.46994e-06
2.10 2.30 -3.34214e-06
2.10 2.40 -3.22032e-06
2.20 0.20 -6.46740e-06
2.20 0.30 -6.35581e-06
2.20 0.40 -6.21587e-06
2.20 0.50 -6.05566e-06
2.20 0.60 -5.88176e-06
2.20 0.70 -5.69937e-06
2.20 0.80 -5.51255e-06
2.20 0.90 -5.32440e-06
2.20 1.00 -5.13725e-06
2.20 1.10 -4.95284e-06
2.20 1.20 -4.77242e-06
2.20 1.30 -4.59688e-06
2.20 1.40 -4.42683e-06
2.20 1.50 -4.26266e-06
2.20 1.60 -4.10458e-06
2.20 1.70 -3.95269e-06
2.20 1.80 -3.80699e-06
2.20 1.90 -3.66739e-06
2.20 2.00 -3.53378e-06
2.20 2.10 -3.40598e-06
2.20 2.20 -3.28382e-06
2.20 2.30 -3.16709e-06
2.20 2.40 -3.05557e-06
2.30 0.20 -5.92462e-06
2.30 0.30 -5.83011e-06
2.30 0.40 -5.71090e-06
2.30 0.50 -5.57365e-06
2.30 0.60 -5.42385e-06
2.30 0.70 -5.26591e-06
2.30 0.80 -5.10334e-06
2.30 0.90 -4.93883e-06
2.30 1.00 -4.77447e-06
2.30 1.10 -4.61182e-06
2.30 1.20 -4.45206e-06
2.30 1.30 -4.29603e-06
2.30 1.40 -4.14434e-06
2.30 1.50 -3.99739e-06
2.30 1.60 -3.85544e-06
2.30 1.70 -3.71862e-06
2.30 1.80 -3.58699e-06
2.30 1.90 -3.46053e-06
2.30 2.00 -3.33917e-06
2.30 2.10 -3.22280e-06
2.30 2.20 -3.11128e-06
2.30 2.30 -3.00448e-06
2.30 2.40 -2.90222e-06
2.40 0.20 -5.44718e-06
2.40 0.30 -5.36661e-06
2.40 0.40 -5.26446e-06
2.40 0.50 -5.14622e-06
2.40 0.60 -5.01651e-06
2.40 0.70 -4.87910e-06
2.40 0.80 -4.73700e-06
2.40 0.90 -4.59257e-06
2.40 1.00 -4.44766e-06
2.40 1.10 -4.30370e-06
2.40 1.20 -4.16176e-06
2.40 1.30 -4.02264e-06
2.40 1.40 -3.88693e-06
2.40 1.50 -3.75504e-06
2.40 1.60 -3.62724e-06
2.40 1.70 -3.50370e-06
2.40 1.80 -3.38452e-06
2.40 1.90 -3.26972e-06
2.40 2.00 -3.15926e-06
2.40 2.10 -3.05309e-06
2.40 2.20 -2.95112e-06
2.40 2.30 -2.85324e-06
2.40 2.40 -2.75932e-06
