0.30 0.30 -1.33581e-04
0.30 0.40 -1.44041e-04
0.30 0.50 -1.56974e-04
0.30 0.60 -1.69873e-04
0.30 0.70 -1.81819e-04
0.30 0.80 -1.92547e-04
0.30 0.90 -2.02057e-04
0.30 1.00 -2.10444e-04
0.30 1.10 -2.17836e-04
0.30 1.20 -2.24362e-04
0.30 1.30 -2.30138e-04
0.30 1.40 -2.35268e-04
0.30 1.50 -2.39839e-04
0.30 1.60 -2.43928e-04
0.30 1.70 -2.47598e-04
0.30 1.80 -2.50905e-04
0.30 1.90 -2.53894e-04
0.30 2.00 -2.56605e-04
0.30 2.10 -2.59071e-04
0.30 2.20 -2.61321e-04
0.30 2.30 -2.63379e-04
0.30 2.40 -2.65268e-04
0.30 2.50 -2.67005e-04
0.30 2.60 -2.68606e-04
0.30 2.70 -2.70086e-04
0.40 0.30 -7.36500e-05
0.40 0.40 -7.51393e-05
0.40 0.50 -7.93332e-05
0.40 0.60 -8.46052e-05
0.40 0.70 -9.01432e-05
0.40 0.80 -9.55532e-05
0.40 0.90 -1.00655e-04
0.40 1.00 -1.05378e-04
0.40 1.10 -1.09708e-04
0.40 1.20 -1.13657e-04
0.40 1.30 -1.17250e-04
0.40 1.40 -1.20519e-04
0.40 1.50 -1.23494e-04
0.40 1.60 -1.26204e-04
0.40 1.70 -1.28677e-04
0.40 1.80 -1.30937e-04
0.40 1.90 -1.33008e-04
0.40 2.00 -1.34909e-04
0.40 2.10 -1.36658e-04
0.40 2.20 -1.38269e-04
0.40 2.30 -1.39757e-04
0.40 2.40 -1.41134e-04
0.40 2.50 -1.42411e-04
0.40 2.60 -1.43596e-04
0.40 2.70 -1.44699e-04
0.50 0.30 -4.81745e-05
0.50 0.40 -4.71102e-05
0.50 0.50 -4.80891e-05
0.50 0.60 -5.01576e-05
0.50 0.70 -5.27561e-05
0.50 0.80 -5.55629e-05
0.50 0.90 -5.83957e-05
0.50 1.00 -6.11540e-05
0.50 1.10 -6.37847e-05
0.50 1.20 -6.62630e-05
0.50 1.30 -6.85803e-05
0.50 1.40 -7.07374e-05
0.50 1.50 -7.27403e-05
0.50 1.60 -7.45975e-05
0.50 1.70 -7.63190e-05
0.50 1.80 -7.79151e-05
0.50 1.90 -7.93956e-05
0.50 2.00 -8.07702e-05
0.50 2.10 -8.20478e-05
0.50 2.20 -8.32365e-05
0.50 2.30 -8.43439e-05
0.50 2.40 -8.53770e-05
0.50 2.50 -8.63419e-05
0.50 2.60 -8.72444e-05
0.50 2.70 -8.80896e-05
0.60 0.30 -3.46715e-05
0.60 0.40 -3.29941e-05
0.60 0.50 -3.27524e-05
0.60 0.60 -3.33952e-05
0.60 0.70 -3.45586e-05
0.60 0.80 -3.60100e-05
0.60 0.90 -3.76022e-05
0.60 1.00 -3.92434e-05
0.60 1.10 -4.08767e-05
0.60 1.20 -4.24680e-05
0.60 1.30 -4.39975e-05
0.60 1.40 -4.54546e-05
0.60 1.50 -4.68346e-05
0.60 1.60 -4.81367e-05
0.60 1.70 -4.93623e-05
0.60 1.80 -5.05140e-05
0.60 1.90 -5.15955e-05
0.60 2.00 -5.26108e-05
0.60 2.10 -5.35639e-05
0.60 2.20 -5.44590e-05
0.60 2.30 -5.52999e-05
0.60 2.40 -5.60904e-05
0.60 2.50 -5.68341e-05
0.60 2.60 -5.75344e-05
0.60 2.70 -5.81943e-05
0.70 0.30 -2.64584e-05
0.70 0.40 -2.47829e-05
0.70 0.50 -2.41029e-05
0.70 0.60 -2.40981e-05
0.70 0.70 -2.45352e-05
0.70 0.80 -2.52517e-05
0.70 0.90 -2.61373e-05
0.70 1.00 -2.71171e-05
0.70 1.10 -2.81413e-05
0.70 1.20 -2.91766e-05
0.70 1.30 -3.02012e-05
0.70 1.40 -3.12009e-05
0.70 1.50 -3.21672e-05
0.70 1.60 -3.30950e-05
0.70 1.70 -3.39816e-05
0.70 1.80 -3.48260e-05
0.70 1.90 -3.56286e-05
0.70 2.00 -3.63903e-05
0.70 2.10 -3.71123e-05
0.70 2.20 -3.77964e-05
0.70 2.30 -3.84445e-05
0.70 2.40 -3.90583e-05
0.70 2.50 -3.96399e-05
0.70 2.60 -4.01911e-05
0.70 2.70 -4.07136e-05
0.80 0.30 -2.09945e-05
0.80 0.40 -1.95027e-05
0.80 0.50 -1.87045e-05
0.80 0.60 -1.84124e-05
0.80 0.70 -1.84765e-05
0.80 0.80 -1.87847e-05
0.80 0.90 -1.92563e-05
0.80 1.00 -1.98332e-05
0.80 1.10 -2.04745e-05
0.80 1.20 -2.11512e-05
0.80 1.30 -2.18430e-05
0.80 1.40 -2.25357e-05
0.80 1.50 -2.32196e-05
0.80 1.60 -2.38882e-05
0.80 1.70 -2.45371e-05
0.80 1.80 -2.51636e-05
0.80 1.90 -2.57663e-05
0.80 2.00 -2.63444e-05
0.80 2.10 -2.68978e-05
0.80 2.20 -2.74268e-05
0.80 2.30 -2.79320e-05
0.80 2.40 -2.84141e-05
0.80 2.50 -2.88739e-05
0.80 2.60 -2.93125e-05
0.80 2.70 -2.97308e-05
0.90 0.30 -1.71300e-05
0.90 0.40 -1.58562e-05
0.90 0.50 -1.50709e-05
0.90 0.60 -1.46640e-05
0.90 0.70 -1.45385e-05
0.90 0.80 -1.46176e-05
0.90 0.90 -1.48422e-05
0.90 1.00 -1.51686e-05
0.90 1.10 -1.55640e-05
0.90 1.20 -1.60044e-05
0.90 1.30 -1.64721e-05
0.90 1.40 -1.69543e-05
0.90 1.50 -1.74414e-05
0.90 1.60 -1.79269e-05
0.90 1.70 -1.84057e-05
0.90 1.80 -1.88746e-05
0.90 1.90 -1.93312e-05
0.90 2.00 -1.97739e-05
0.90 2.10 -2.02020e-05
0.90 2.20 -2.06147e-05
0.90 2.30 -2.10121e-05
0.90 2.40 -2.13940e-05
0.90 2.50 -2.17609e-05
0.90 2.60 -2.21129e-05
0.90 2.70 -2.24506e-05
1.00 0.30 -1.42743e-05
1.00 0.40 -1.32038e-05
1.00 0.50 -1.24817e-05
1.00 0.60 -1.20436e-05
1.00 0.70 -1.18265e-05
1.00 0.80 -1.17775e-05
1.00 0.90 -1.18538e-05
1.00 1.00 -1.20222e-05
1.00 1.10 -1.22572e-05
1.00 1.20 -1.25393e-05
1.00 1.30 -1.28536e-05
1.00 1.40 -1.31889e-05
1.00 1.50 -1.35367e-05
1.00 1.60 -1.38906e-05
1.00 1.70 -1.42459e-05
1.00 1.80 -1.45988e-05
1.00 1.90 -1.49470e-05
1.00 2.00 -1.52884e-05
1.00 2.10 -1.56217e-05
1.00 2.20 -1.59461e-05
1.00 2.30 -1.62608e-05
1.00 2.40 -1.65657e-05
1.00 2.50 -1.68604e-05
1.00 2.60 -1.71450e-05
1.00 2.70 -1.74196e-05
1.10 0.30 -1.20935e-05
1.10 0.40 -1.11981e-05
1.10 0.50 -1.05543e-05
1.10 0.60 -1.01250e-05
1.10 0.70 -9.86948e-06
1.10 0.80 -9.75080e-06
1.10 0.90 -9.73810e-06
1.10 1.00 -9.80635e-06
1.10 1.10 -9.93569e-06
1.10 1.20 -1.01104e-05
1.10 1.30 -1.03184e-05
1.10 1.40 -1.05499e-05
1.10 1.50 -1.07976e-05
1.10 1.60 -1.10558e-05
1.10 1.70 -1.13200e-05
1.10 1.80 -1.15866e-05
1.10 1.90 -1.18533e-05
1.10 2.00 -1.21178e-05
1.10 2.10 -1.23788e-05
1.10 2.20 -1.26350e-05
1.10 2.30 -1.28858e-05
1.10 2.40 -1.31304e-05
1.10 2.50 -1.33686e-05
1.10 2.60 -1.36000e-05
1.10 2.70 -1.38245e-05
1.20 0.30 -1.03850e-05
1.20 0.40 -9.63563e-06
1.20 0.50 -9.07004e-06
1.20 0.60 -8.66782e-06
1.20 0.70 -8.40250e-06
1.20 0.80 -8.24847e-06
1.20 0.90 -8.18326e-06
1.20 1.00 -8.18803e-06
1.20 1.10 -8.24735e-06
1.20 1.20 -8.34873e-06
1.20 1.30 -8.48214e-06
1.20 1.40 -8.63959e-06
1.20 1.50 -8.81471e-06
1.20 1.60 -9.00243e-06
1.20 1.70 -9.19874e-06
1.20 1.80 -9.40048e-06
1.20 1.90 -9.60515e-06
1.20 2.00 -9.81077e-06
1.20 2.10 -1.00158e-05
1.20 2.20 -1.02191e-05
1.20 2.30 -1.04197e-05
1.20 2.40 -1.06169e-05
1.20 2.50 -1.08102e-05
1.20 2.60 -1.09993e-05
1.20 2.70 -1.11838e-05
1.30 0.30 -9.01882e-06
1.30 0.40 -8.38956e-06
1.30 0.50 -7.89603e-06
1.30 0.60 -7.52789e-06
1.30 0.70 -7.26813e-06
1.30 0.80 -7.09893e-06
1.30 0.90 -7.00392e-06
1.30 1.00 -6.96888e-06
1.30 1.10 -6.98182e-06
1.30 1.20 -7.03281e-06
1.30 1.30 -7.11370e-06
1.30 1.40 -7.21783e-06
1.30 1.50 -7.33979e-06
1.30 1.60 -7.47522e-06
1.30 1.70 -7.62056e-06
1.30 1.80 -7.77296e-06
1.30 1.90 -7.93011e-06
1.30 2.00 -8.09016e-06
1.30 2.10 -8.25162e-06
1.30 2.20 -8.41332e-06
1.30 2.30 -8.57431e-06
1.30 2.40 -8.73385e-06
1.30 2.50 -8.89135e-06
1.30 2.60 -9.04636e-06
1.30 2.70 -9.19854e-06
1.40 0.30 -7.90762e-06
1.40 0.40 -7.37684e-06
1.40 0.50 -6.94721e-06
1.40 0.60 -6.61457e-06
1.40 0.70 -6.36819e-06
1.40 0.80 -6.19568e-06
1.40 0.90 -6.08509e-06
1.40 1.00 -6.02566e-06
1.40 1.10 -6.00810e-06
1.40 1.20 -6.02448e-06
1.40 1.30 -6.06820e-06
1.40 1.40 -6.13374e-06
1.40 1.50 -6.21655e-06
1.40 1.60 -6.31288e-06
1.40 1.70 -6.41963e-06
1.40 1.80 -6.53426e-06
1.40 1.90 -6.65469e-06
1.40 2.00 -6.77922e-06
1.40 2.10 -6.90646e-06
1.40 2.20 -7.03527e-06
1.40 2.30 -7.16473e-06
1.40 2.40 -7.29409e-06
1.40 2.50 -7.42275e-06
1.40 2.60 -7.55023e-06
1.40 2.70 -7.67614e-06
1.50 0.30 -6.99086e-06
1.50 0.40 -6.54082e-06
1.50 0.50 -6.16679e-06
1.50 0.60 -5.86833e-06
1.50 0.70 -5.63888e-06
1.50 0.80 -5.46991e-06
1.50 0.90 -5.35266e-06
1.50 1.00 -5.27900e-06
1.50 1.10 -5.24168e-06
1.50 1.20 -5.23440e-06
1.50 1.30 -5.25180e-06
1.50 1.40 -5.28933e-06
1.50 1.50 -5.34316e-06
1.50 1.60 -5.41009e-06
1.50 1.70 -5.48745e-06
1.50 1.80 -5.57299e-06
1.50 1.90 -5.66486e-06
1.50 2.00 -5.76153e-06
1.50 2.10 -5.86171e-06
1.50 2.20 -5.96434e-06
1.50 2.30 -6.06853e-06
1.50 2.40 -6.17358e-06
1.50 2.50 -6.27887e-06
1.50 2.60 -6.38392e-06
1.50 2.70 -6.48834e-06
1.60 0.30 -6.22521e-06
1.60 0.40 -5.84158e-06
1.60 0.50 -5.51545e-06
1.60 0.60 -5.24860e-06
1.60 0.70 -5.03727e-06
1.60 0.80 -4.87563e-06
1.60 0.90 -4.75729e-06
1.60 1.00 -4.67608e-06
1.60 1.10 -4.62634e-06
1.60 1.20 -4.60306e-06
1.60 1.30 -4.60189e-06
1.60 1.40 -4.61907e-06
1.60 1.50 -4.65139e-06
1.60 1.60 -4.69613e-06
1.60 1.70 -4.75099e-06
1.60 1.80 -4.81402e-06
1.60 1.90 -4.88356e-06
1.60 2.00 -4.95825e-06
1.60 2.10 -5.03691e-06
1.60 2.20 -5.11857e-06
1.60 2.30 -5.20241e-06
1.60 2.40 -5.28775e-06
1.60 2.50 -5.37400e-06
1.60 2.60 -5.46069e-06
1.60 2.70 -5.54742e-06
1.70 0.30 -5.57893e-06
1.70 0.40 -5.25014e-06
1.70 0.50 -4.96511e-06
1.70 0.60 -4.72686e-06
1.70 0.70 -4.53351e-06
1.70 0.80 -4.38115e-06
1.70 0.90 -4.26513e-06
1.70 1.00 -4.18076e-06
1.70 1.10 -4.12363e-06
1.70 1.20 -4.08975e-06
1.70 1.30 -4.07557e-06
1.70 1.40 -4.07800e-06
1.70 1.50 -4.09435e-06
1.70 1.60 -4.12231e-06
1.70 1.70 -4.15989e-06
1.70 1.80 -4.20541e-06
1.70 1.90 -4.25742e-06
1.70 2.00 -4.31468e-06
1.70 2.10 -4.37616e-06
1.70 2.20 -4.44095e-06
1.70 2.30 -4.50831e-06
1.70 2.40 -4.57759e-06
1.70 2.50 -4.64825e-06
1.70 2.60 -4.71983e-06
1.70 2.70 -4.79195e-06
1.80 0.30 -5.02830e-06
1.80 0.40 -4.74503e-06
1.80 0.50 -4.49520e-06
1.80 0.60 -4.28249e-06
1.80 0.70 -4.10629e-06
1.80 0.80 -3.96402e-06
1.80 0.90 -3.85235e-06
1.80 1.00 -3.76770e-06
1.80 1.10 -3.70663e-06
1.80 1.20 -3.66596e-06
1.80 1.30 -3.64280e-06
1.80 1.40 -3.63460e-06
1.80 1.50 -3.63910e-06
1.80 1.60 -3.65435e-06
1.80 1.70 -3.67864e-06
1.80 1.80 -3.71052e-06
1.80 1.90 -3.74870e-06
1.80 2.00 -3.79210e-06
1.80 2.10 -3.83979e-06
1.80 2.20 -3.89095e-06
1.80 2.30 -3.94490e-06
1.80 2.40 -4.00105e-06
1.80 2.50 -4.05889e-06
1.80 2.60 -4.11798e-06
1.80 2.70 -4.17796e-06
1.90 0.30 -4.55523e-06
1.90 0.40 -4.30994e-06
1.90 0.50 -4.09029e-06
1.90 0.60 -3.90023e-06
1.90 0.70 -3.73999e-06
1.90 0.80 -3.60797e-06
1.90 0.90 -3.50176e-06
1.90 1.00 -3.41869e-06
1.90 1.10 -3.35605e-06
1.90 1.20 -3.31129e-06
1.90 1.30 -3.28207e-06
1.90 1.40 -3.26628e-06
1.90 1.50 -3.26204e-06
1.90 1.60 -3.26767e-06
1.90 1.70 -3.28173e-06
1.90 1.80 -3.30295e-06
1.90 1.90 -3.33021e-06
1.90 2.00 -3.36255e-06
1.90 2.10 -3.39914e-06
1.90 2.20 -3.43925e-06
1.90 2.30 -3.48226e-06
1.90 2.40 -3.52762e-06
1.90 2.50 -3.57487e-06
1.90 2.60 -3.62360e-06
1.90 2.70 -3.67346e-06
2.00 0.30 -4.14579e-06
2.00 0.40 -3.93235e-06
2.00 0.50 -3.73860e-06
2.00 0.60 -3.56856e-06
2.00 0.70 -3.42296e-06
2.00 0.80 -3.30092e-06
2.00 0.90 -3.20074e-06
2.00 1.00 -3.12039e-06
2.00 1.10 -3.05778e-06
2.00 1.20 -3.01086e-06
2.00 1.30 -2.97771e-06
2.00 1.40 -2.95660e-06
2.00 1.50 -2.94594e-06
2.00 1.60 -2.94433e-06
2.00 1.70 -2.95052e-06
2.00 1.80 -2.96340e-06
2.00 1.90 -2.98202e-06
2.00 2.00 -3.00551e-06
2.00 2.10 -3.03314e-06
2.00 2.20 -3.06426e-06
2.00 2.30 -3.09831e-06
2.00 2.40 -3.13479e-06
2.00 2.50 -3.17326e-06
2.00 2.60 -3.21336e-06
2.00 2.70 -3.25477e-06
2.10 0.30 -3.78901e-06
2.10 0.40 -3.60244e-06
2.10 0.50 -3.43099e-06
2.10 0.60 -3.27858e-06
2.10 0.70 -3.14631e-06
2.10 0.80 -3.03377e-06
2.10 0.90 -2.93979e-06
2.10 1.00 -2.86287e-06
2.10 1.10 -2.80135e-06
2.10 1.20 -2.75362e-06
2.10 1.30 -2.71810e-06
2.10 1.40 -2.69335e-06
2.10 1.50 -2.67805e-06
2.10 1.60 -2.67101e-06
2.10 1.70 -2.67115e-06
2.10 1.80 -2.67752e-06
2.10 1.90 -2.68929e-06
2.10 2.00 -2.70569e-06
2.10 2.10 -2.72608e-06
2.10 2.20 -2.74988e-06
2.10 2.30 -2.77656e-06
2.10 2.40 -2.80570e-06
2.10 2.50 -2.83689e-06
2.10 2.60 -2.86978e-06
2.10 2.70 -2.90409e-06
2.20 0.30 -3.47625e-06
2.20 0.40 -3.31244e-06
2.20 0.50 -3.16022e-06
2.20 0.60 -3.02336e-06
2.20 0.70 -2.90314e-06
2.20 0.80 -2.79950e-06
2.20 0.90 -2.71168e-06
2.20 1.00 -2.63855e-06
2.20 1.10 -2.57883e-06
2.20 1.20 -2.53123e-06
2.20 1.30 -2.49447e-06
2.20 1.40 -2.46734e-06
2.20 1.50 -2.44875e-06
2.20 1.60 -2.43767e-06
2.20 1.70 -2.43319e-06
2.20 1.80 -2.43449e-06
2.20 1.90 -2.44083e-06
2.20 2.00 -2.45155e-06
2.20 2.10 -2.46608e-06
2.20 2.20 -2.48389e-06
2.20 2.30 -2.50452e-06
2.20 2.40 -2.52757e-06
2.20 2.50 -2.55269e-06
2.20 2.60 -2.57955e-06
2.20 2.70 -2.60789e-06
2.30 0.30 -3.20053e-06
2.30 0.40 -3.05611e-06
2.30 0.50 -2.92055e-06
2.30 0.60 -2.79739e-06
2.30 0.70 -2.68803e-06
2.30 0.80 -2.59266e-06
2.30 0.90 -2.51079e-06
2.30 1.00 -2.44161e-06
2.30 1.10 -2.38413e-06
2.30 1.20 -2.33732e-06
2.30 1.30 -2.30013e-06
2.30 1.40 -2.27157e-06
2.30 1.50 -2.25070e-06
2.30 1.60 -2.23667e-06
2.30 1.70 -2.22868e-06
2.30 1.80 -2.22604e-06
2.30 1.90 -2.22809e-06
2.30 2.00 -2.23426e-06
2.30 2.10 -2.24403e-06
2.30 2.20 -2.25694e-06
2.30 2.30 -2.27259e-06
2.30 2.40 -2.29060e-06
2.30 2.50 -2.31065e-06
2.30 2.60 -2.33245e-06
2.30 2.70 -2.35574e-06
2.40 0.30 -2.95623e-06
2.40 0.40 -2.82841e-06
2.40 0.50 -2.70731e-06
2.40 0.60 -2.59625e-06
2.40 0.70 -2.49666e-06
2.40 0.80 -2.40889e-06
2.40 0.90 -2.33270e-06
2.40 1.00 -2.26749e-06
2.40 1.10 -2.21251e-06
2.40 1.20 -2.16693e-06
2.40 1.30 -2.12990e-06
2.40 1.40 -2.10060e-06
2.40 1.50 -2.07824e-06
2.40 1.60 -2.06209e-06
2.40 1.70 -2.05148e-06
2.40 1.80 -2.04579e-06
2.40 1.90 -2.04445e-06
2.40 2.00 -2.04698e-06
2.40 2.10 -2.05290e-06
2.40 2.20 -2.06181e-06
2.40 2.30 -2.07333e-06
2.40 2.40 -2.08715e-06
2.40 2.50 -2.10296e-06
2.40 2.60 -2.12050e-06
2.40 2.70 -2.13954e-06
2.50 0.30 -2.73877e-06
2.50 0.40 -2.62521e-06
2.50 0.50 -2.51670e-06
2.50 0.60 -2.41633e-06
2.50 0.70 -2.32552e-06
2.50 0.80 -2.24474e-06
2.50 0.90 -2.17389e-06
2.50 1.00 -2.11258e-06
2.50 1.10 -2.06023e-06
2.50 1.20 -2.01618e-06
2.50 1.30 -1.97973e-06
2.50 1.40 -1.95020e-06
2.50 1.50 -1.92694e-06
2.50 1.60 -1.90932e-06
2.50 1.70 -1.89676e-06
2.50 1.80 -1.88874e-06
2.50 1.90 -1.88475e-06
2.50 2.00 -1.88436e-06
2.50 2.10 -1.88716e-06
2.50 2.20 -1.89280e-06
2.50 2.30 -1.90092e-06
2.50 2.40 -1.91125e-06
2.50 2.50 -1.92351e-06
2.50 2.60 -1.93747e-06
2.50 2.70 -1.95291e-06
2.60 0.30 -2.54434e-06
2.60 0.40 -2.44310e-06
2.60 0.50 -2.34560e-06
2.60 0.60 -2.25469e-06
2.60 0.70 -2.17177e-06
2.60 0.80 -2.09737e-06
2.60 0.90 -2.03154e-06
2.60 1.00 -1.97399e-06
2.60 1.10 -1.92430e-06
2.60 1.20 -1.88195e-06
2.60 1.30 -1.84638e-06
2.60 1.40 -1.81701e-06
2.60 1.50 -1.79330e-06
2.60 1.60 -1.77471e-06
2.60 1.70 -1.76075e-06
2.60 1.80 -1.75095e-06
2.60 1.90 -1.74490e-06
2.60 2.00 -1.74219e-06
2.60 2.10 -1.74248e-06
2.60 2.20 -1.74543e-06
2.60 2.30 -1.75075e-06
2.60 2.40 -1.75817e-06
2.60 2.50 -1.76746e-06
2.60 2.60 -1.77839e-06
2.60 2.70 -1.79078e-06
2.70 0.30 -2.36982e-06
2.70 0.40 -2.27926e-06
2.70 0.50 -2.19141e-06
2.70 0.60 -2.10889e-06
2.70 0.70 -2.03306e-06
2.70 0.80 -1.96450e-06
2.70 0.90 -1.90332e-06
2.70 1.00 -1.84937e-06
2.70 1.10 -1.80232e-06
2.70 1.20 -1.76178e-06
2.70 1.30 -1.72727e-06
2.70 1.40 -1.69834e-06
2.70 1.50 -1.67452e-06
2.70 1.60 -1.65535e-06
2.70 1.70 -1.64041e-06
2.70 1.80 -1.62930e-06
2.70 1.90 -1.62165e-06
2.70 2.00 -1.61710e-06
2.70 2.10 -1.61536e-06
2.70 2.20 -1.61612e-06
2.70 2.30 -1.61913e-06
2.70 2.40 -1.62414e-06
2.70 2.50 -1.63093e-06
2.70 2.60 -1.63931e-06
2.70 2.70 -1.64910e-06
